-4.677300 0.075630 0.010008
-6.897100 0.882350 0.010013
9.962400 -0.126050 0.010016
17.150000 0.327730 0.010033
2.193300 -0.025210 0.010043
-11.125000 0.277310 0.010046
-4.835900 0.025210 0.010047
9.116800 0.226890 0.010050
-8.905400 0.025210 0.010055
17.362000 0.075630 0.010055
17.150000 -0.327730 0.010058
2.827500 0.075630 0.010063
8.059800 0.075630 0.010066
-10.650000 0.025210 0.010073
9.116800 -0.226890 0.010073
-7.161300 1.134500 0.010077
-11.072000 1.134500 0.010084
3.990300 0.983190 0.010091
-7.214200 -1.084000 0.010096
-3.091800 0.630250 0.010098
3.937400 -1.084000 0.010098
9.169700 0.731090 0.010105
-3.356100 -0.731090 0.010114
-10.650000 -0.025210 0.010123
17.996000 0.983190 0.010132
-16.040000 -1.033600 0.010140
8.799700 -0.025210 0.010154
3.461800 -0.075630 0.010156
-7.055600 0.478990 0.010168
2.404700 -0.126050 0.010171
-2.563300 -1.033600 0.010180
4.994400 -1.991600 0.010183
13.081000 0.025210 0.010183
4.835900 -0.176470 0.010193
-15.723000 0.075630 0.010202
-15.353000 0.075630 0.010209
-7.372700 0.126050 0.010213
5.364400 1.033600 0.010217
18.049000 -0.126050 0.010222
4.465900 0.075630 0.010233
-10.861000 0.126050 0.010236
5.575800 -0.075630 0.010242
-2.351900 -0.983190 0.010259
-3.356100 0.731090 0.010273
9.909600 0.126050 0.010289
8.588300 -0.025210 0.010295
3.726000 -0.075630 0.010303
9.381100 0.983190 0.010317
8.588300 0.025210 0.010327
5.047300 2.042000 0.010337
9.064000 -0.781510 0.010343
5.100100 -1.184900 0.010348
0.872040 0.579830 0.010350
17.996000 -0.983190 0.010354
5.205800 -0.277310 0.010362
17.679000 -0.075630 0.010363
-7.055600 -0.680670 0.010371
-11.019000 -1.134500 0.010379
-15.142000 1.134500 0.010388
-3.091800 2.142900 0.010400
-2.880400 -1.991600 0.010404
3.990300 -1.033600 0.010426
-8.905400 -0.025210 0.010427
1.189200 -0.025210 0.010428
9.011100 -0.781510 0.010433
-14.878000 0.126050 0.010458
-9.962400 0.025210 0.010463
-4.835900 -0.025210 0.010463
-15.935000 1.033600 0.010470
-2.404700 -0.932770 0.010470
9.592500 -0.075630 0.010498
13.028000 -0.025210 0.010507
-7.689800 -0.075630 0.010515
5.153000 -0.226890 0.010538
-3.144600 0.428570 0.010539
-7.055600 -0.529410 0.010561
5.364400 0.983190 0.010564
5.047300 -2.092400 0.010566
13.028000 0.025210 0.010571
-3.144600 -1.991600 0.010573
4.888700 -0.781510 0.010574
4.941600 -2.042000 0.010576
-9.962400 -0.025210 0.010620
-1.929100 -0.983190 0.010629
-15.935000 -1.033600 0.010638
-6.949900 0.731090 0.010641
-15.142000 -1.134500 0.010646
5.470100 -0.025210 0.010662
18.049000 0.126050 0.010666
-2.563300 0.983190 0.010676
3.091800 -0.075630 0.010701
-4.201700 0.025210 0.010712
16.992000 -0.327730 0.010718
-6.844200 0.983190 0.010727
17.943000 -0.126050 0.010736
-7.161300 -1.134500 0.010739
8.059800 -0.075630 0.010750
-10.967000 -0.277310 0.010755
17.256000 0.075630 0.010775
-16.040000 0.983190 0.010786
-6.897100 -0.327730 0.010813
-4.677300 -0.075630 0.010824
9.169700 -0.731090 0.010844
17.679000 0.075630 0.010851
-3.144600 2.092400 0.010852
9.592500 0.075630 0.010863
5.100100 0.378150 0.010885
9.962400 0.126050 0.010886
-11.019000 1.134500 0.010889
-2.034800 0.025210 0.010891
-3.778900 -0.025210 0.010892
-3.726000 -0.025210 0.010896
9.381100 -0.983190 0.010900
-2.933200 -2.142900 0.010904
5.364400 -1.033600 0.010914
-3.726000 0.025210 0.010917
2.721800 0.025210 0.010925
3.197500 0.075630 0.010926
3.990300 -0.983190 0.010976
-17.045000 0.075630 0.010978
-3.408900 1.134500 0.010979
4.941600 1.184900 0.010988
-3.408900 -1.134500 0.010989
3.620300 -0.126050 0.010997
-7.108500 -0.176470 0.010998
5.470100 0.025210 0.011002
3.567500 0.075630 0.011006
-11.337000 -0.025210 0.011009
-4.096000 0.025210 0.011022
-17.097000 0.025210 0.011030
-4.201700 -0.025210 0.011032
17.256000 -0.075630 0.011044
1.823400 -0.983190 0.011047
-2.774700 -0.126050 0.011050
9.433900 0.126050 0.011068
-3.778900 0.025210 0.011070
-16.040000 -0.983190 0.011084
16.886000 0.126050 0.011085
4.624500 1.084000 0.011097
-2.616100 -0.882350 0.011113
0.977750 -0.075630 0.011122
17.150000 0.882350 0.011130
4.994400 2.042000 0.011152
9.222500 1.084000 0.011152
-3.038900 -1.336100 0.011154
-2.351900 -0.126050 0.011155
-7.478400 0.075630 0.011157
-3.091800 -2.142900 0.011174
5.575800 0.075630 0.011180
-11.072000 0.882350 0.011187
-3.038900 1.336100 0.011199
4.994400 0.579830 0.011199
-14.983000 -0.327730 0.011224
-3.937400 0.932770 0.011238
17.943000 0.126050 0.011238
0.977750 0.075630 0.011245
5.892900 -0.075630 0.011248
5.417200 0.126050 0.011256
-7.478400 -0.075630 0.011258
8.905400 0.478990 0.011258
-17.097000 -0.025210 0.011271
-7.161300 -0.327730 0.011274
16.992000 0.327730 0.011285
16.886000 -0.126050 0.011301
-7.002800 0.176470 0.011302
-2.933200 0.630250 0.011308
-11.337000 0.025210 0.011315
2.721800 -0.025210 0.011325
4.994400 -2.092400 0.011341
-2.986100 1.941200 0.011349
9.222500 -1.084000 0.011358
-11.918000 -0.075630 0.011360
-7.161300 0.327730 0.011360
2.299000 -0.025210 0.011361
-2.563300 -0.983190 0.011363
-15.935000 0.983190 0.011366
17.150000 -0.882350 0.011368
-3.038900 1.941200 0.011391
3.937400 0.932770 0.011407
-2.933200 1.285700 0.011414
8.958300 -0.226890 0.011417
-7.108500 -0.731090 0.011420
-2.986100 1.336100 0.011421
4.835900 -0.731090 0.011429
3.673200 -0.126050 0.011436
-6.791400 -0.025210 0.011443
-2.880400 -2.092400 0.011449
-2.986100 -1.336100 0.011483
-11.971000 -0.075630 0.011485
-10.702000 0.025210 0.011486
-16.992000 0.075630 0.011495
-4.624500 0.075630 0.011508
-2.721800 -1.033600 0.011514
3.990300 0.126050 0.011547
2.140500 0.075630 0.011557
-2.933200 -1.285700 0.011558
4.783000 -0.075630 0.011559
8.958300 0.226890 0.011559
17.203000 1.084000 0.011561
0.924900 0.025210 0.011568
-4.096000 -0.025210 0.011595
1.294900 -0.781510 0.011606
-10.702000 -0.025210 0.011621
-3.091800 -1.285700 0.011625
3.937400 -0.932770 0.011635
-3.937400 -0.932770 0.011636
-15.935000 -0.983190 0.011637
-7.002800 -0.176470 0.011638
-3.144600 -2.092400 0.011641
-11.178000 1.033600 0.011645
-3.091800 1.285700 0.011645
-6.897100 -0.277310 0.011649
-7.689800 0.075630 0.011655
5.364400 -0.126050 0.011665
-17.045000 -0.075630 0.011667
1.294900 -0.731090 0.011671
0.924900 -0.025210 0.011674
9.381100 -0.126050 0.011690
17.203000 -1.084000 0.011698
-7.002800 -0.731090 0.011700
-14.983000 0.882350 0.011709
-15.142000 0.327730 0.011723
-2.034800 -0.025210 0.011726
4.043100 0.075630 0.011733
-15.142000 -0.327730 0.011735
-14.878000 -0.126050 0.011778
-14.983000 -0.882350 0.011779
3.884600 1.033600 0.011786
-2.140500 -0.025210 0.011803
-2.616100 0.327730 0.011813
-6.844200 0.126050 0.011838
-7.108500 0.731090 0.011841
-2.669000 -0.882350 0.011846
-2.827500 -0.226890 0.011897
5.892900 0.075630 0.011911
-8.958300 0.025210 0.011913
-3.673200 0.932770 0.011914
-10.967000 -0.882350 0.011921
-2.880400 2.042000 0.011929
-11.971000 0.075630 0.011934
8.905400 -0.529410 0.011948
8.905400 -0.478990 0.011962
-3.831700 1.033600 0.011971
-3.091800 0.831930 0.011972
-3.884600 1.084000 0.012026
-2.933200 0.831930 0.012028
-4.148800 0.075630 0.012032
-11.178000 -1.033600 0.012047
4.677300 1.084000 0.012052
-11.019000 0.882350 0.012075
-10.914000 1.084000 0.012077
-4.888700 0.075630 0.012079
8.905400 0.529410 0.012082
-10.914000 -1.084000 0.012086
-11.918000 0.075630 0.012095
8.905400 0.731090 0.012117
-3.567500 1.033600 0.012123
-3.144600 -0.428570 0.012126
-2.721800 1.033600 0.012141
-3.884600 -1.084000 0.012151
-3.461800 -0.932770 0.012154
-3.567500 -1.033600 0.012168
-6.949900 0.327730 0.012182
-3.038900 -1.941200 0.012195
1.559100 -0.277310 0.012207
-2.827500 0.226890 0.012213
16.992000 0.882350 0.012220
-7.002800 0.680670 0.012226
-3.831700 -1.033600 0.012232
-3.673200 -0.932770 0.012234
-16.992000 -0.075630 0.012247
-11.865000 -0.025210 0.012267
4.624500 -1.084000 0.012269
-8.958300 -0.025210 0.012273
-7.214200 -0.932770 0.012285
9.698200 -0.075630 0.012309
-7.055600 0.176470 0.012317
-1.347700 -0.932770 0.012324
-1.929100 0.126050 0.012326
2.457600 -0.075630 0.012327
1.664800 -1.134500 0.012332
17.996000 -0.126050 0.012346
5.047300 -0.579830 0.012356
-3.461800 0.932770 0.012360
-11.178000 0.983190 0.012365
-10.967000 0.327730 0.012383
-4.624500 -0.075630 0.012386
16.992000 -0.882350 0.012396
1.347700 -1.285700 0.012400
-2.986100 -1.941200 0.012412
2.827500 -0.075630 0.012417
5.681500 -0.025210 0.012419
4.096000 0.025210 0.012424
5.047300 -2.042000 0.012441
-7.637000 -0.075630 0.012450
-2.721800 -0.126050 0.012464
-3.408900 -0.327730 0.012494
17.150000 0.277310 0.012500
-2.721800 0.983190 0.012522
-4.941600 0.075630 0.012526
-3.303200 -1.084000 0.012535
-14.983000 0.277310 0.012538
-3.091800 -0.630250 0.012549
-15.987000 1.033600 0.012570
8.852600 1.084000 0.012571
5.364400 -0.983190 0.012574
2.616100 0.075630 0.012602
15.935000 0.025210 0.012613
1.030600 -0.075630 0.012619
3.567500 -0.075630 0.012628
-3.197500 0.176470 0.012639
-2.404700 1.033600 0.012643
-7.055600 0.680670 0.012654
-11.865000 0.025210 0.012659
17.150000 -0.277310 0.012694
-2.193300 -0.025210 0.012696
-7.214200 0.932770 0.012697
-3.408900 0.327730 0.012733
17.097000 1.134500 0.012746
17.097000 -1.134500 0.012750
-11.072000 -0.277310 0.012764
16.040000 0.075630 0.012777
2.034800 0.075630 0.012780
4.941600 -1.184900 0.012780
15.935000 -0.025210 0.012782
-15.987000 -1.033600 0.012784
1.770500 0.025210 0.012804
8.852600 -1.084000 0.012812
-3.303200 1.084000 0.012819
2.087600 0.075630 0.012823
4.994400 -0.579830 0.012850
-3.197500 0.680670 0.012856
-2.933200 -0.630250 0.012859
-7.161300 -0.882350 0.012862
5.628700 -0.075630 0.012885
-3.144600 2.042000 0.012894
-2.669000 0.327730 0.012901
9.698200 0.075630 0.012901
-7.161300 -0.277310 0.012902
5.681500 0.025210 0.012904
1.083400 -0.075630 0.012924
-2.616100 -0.277310 0.012925
-7.055600 -0.176470 0.012932
1.083400 0.176470 0.012940
-2.404700 -1.033600 0.012942
3.197500 -0.075630 0.012954
-2.140500 0.025210 0.012961
-15.142000 0.882350 0.012979
17.996000 0.126050 0.012988
5.047300 1.184900 0.013003
15.987000 0.075630 0.013019
-3.831700 0.983190 0.013037
-8.007000 -0.025210 0.013041
-7.319900 -0.025210 0.013061
4.888700 -0.226890 0.013084
17.045000 1.134500 0.013094
-3.567500 0.983190 0.013104
17.045000 -1.134500 0.013105
-3.250300 0.075630 0.013124
4.096000 -0.025210 0.013128
-2.933200 -0.831930 0.013132
-3.091800 -0.831930 0.013136
-4.148800 -0.075630 0.013148
2.669000 0.075630 0.013176
4.677300 -1.084000 0.013198
3.884600 0.983190 0.013212
-15.142000 -0.882350 0.013213
-11.072000 -0.882350 0.013227
10.068000 -0.025210 0.013229
-2.721800 -0.983190 0.013244
8.905400 -0.731090 0.013259
-6.949900 1.134500 0.013263
-15.618000 -0.025210 0.013268
10.068000 0.025210 0.013269
-3.620300 1.084000 0.013277
-2.563300 -0.126050 0.013293
-15.036000 1.134500 0.013302
7.901300 0.075630 0.013317
-2.351900 0.126050 0.013346
-8.007000 0.025210 0.013352
-14.930000 1.084000 0.013353
4.994400 -2.042000 0.013357
-3.620300 -1.084000 0.013379
-11.178000 -0.983190 0.013387
-3.567500 -0.983190 0.013388
-7.637000 0.075630 0.013397
3.884600 -1.033600 0.013402
-2.404700 0.983190 0.013439
-2.193300 0.025210 0.013443
-3.831700 -0.983190 0.013474
-11.019000 -0.277310 0.013479
-15.670000 -0.075630 0.013490
-2.986100 2.142900 0.013498
-15.089000 1.134500 0.013500
-2.669000 -0.277310 0.013505
-4.994400 0.025210 0.013509
-12.024000 -0.025210 0.013516
-7.319900 0.025210 0.013524
-7.055600 -0.731090 0.013532
-3.356100 -1.134500 0.013534
-3.038900 2.142900 0.013550
-4.888700 -0.075630 0.013559
5.945800 -0.025210 0.013568
-2.880400 -2.042000 0.013571
-15.618000 0.025210 0.013578
-16.040000 -0.126050 0.013594
-11.072000 0.327730 0.013603
-15.036000 -1.134500 0.013615
16.040000 -0.075630 0.013617
17.626000 -0.025210 0.013627
-7.161300 0.882350 0.013634
-16.939000 0.025210 0.013637
-12.024000 0.025210 0.013655
-3.408900 -0.882350 0.013671
-15.987000 0.983190 0.013677
-7.161300 0.277310 0.013701
5.945800 0.025210 0.013702
-3.356100 1.134500 0.013714
5.100100 -0.781510 0.013735
15.987000 -0.075630 0.013747
-14.983000 -0.277310 0.013753
16.992000 -0.277310 0.013757
17.467000 -0.025210 0.013760
9.381100 0.126050 0.013768
1.876200 -0.075630 0.013788
-3.144600 -2.042000 0.013807
17.626000 0.025210 0.013825
-15.089000 -1.134500 0.013829
1.612000 1.033600 0.013845
-3.408900 0.882350 0.013847
-16.040000 0.126050 0.013858
5.840100 -0.025210 0.013863
-16.939000 -0.025210 0.013894
-3.038900 0.630250 0.013895
4.624500 0.932770 0.013901
7.901300 -0.075630 0.013918
-2.616100 0.277310 0.013968
-15.987000 -0.983190 0.013977
4.994400 1.184900 0.013979
-4.994400 -0.025210 0.013986
-14.930000 -1.084000 0.013987
-1.929100 -0.126050 0.013998
2.933200 0.075630 0.014007
3.937400 1.033600 0.014007
-1.347700 -0.882350 0.014014
-4.941600 -0.075630 0.014016
-3.197500 -0.680670 0.014023
17.097000 -0.327730 0.014037
-3.250300 -0.075630 0.014045
-10.967000 0.277310 0.014049
16.093000 0.025210 0.014067
-6.949900 -1.134500 0.014103
4.835900 1.134500 0.014106
9.222500 0.932770 0.014134
-1.717700 -0.025210 0.014147
4.043100 -0.075630 0.014153
5.840100 0.025210 0.014156
-4.360200 0.075630 0.014159
1.929100 -1.084000 0.014169
16.992000 0.277310 0.014190
3.990300 -0.126050 0.014239
-10.914000 0.932770 0.014240
3.884600 -0.983190 0.014248
9.222500 -0.932770 0.014253
5.100100 0.781510 0.014269
17.467000 0.025210 0.014269
4.941600 0.378150 0.014285
5.628700 0.075630 0.014288
17.045000 -0.327730 0.014299
17.097000 0.327730 0.014301
1.030600 0.075630 0.014313
-15.670000 0.075630 0.014324
-11.231000 -0.025210 0.014329
3.356100 0.075630 0.014347
-11.231000 0.025210 0.014367
-11.019000 -0.882350 0.014368
-2.986100 0.630250 0.014384
16.093000 -0.025210 0.014400
-15.935000 -0.126050 0.014406
4.201700 0.075630 0.014410
-2.880400 -0.579830 0.014450
9.116800 0.680670 0.014450
1.612000 1.084000 0.014452
4.888700 0.226890 0.014464
-2.880400 0.579830 0.014466
3.091800 0.025210 0.014469
-3.937400 1.033600 0.014475
-2.299000 -0.025210 0.014478
-7.848400 0.025210 0.014479
-4.413100 0.075630 0.014496
-2.404700 -0.983190 0.014496
-0.819190 0.630250 0.014528
-7.002800 0.731090 0.014529
-3.197500 -0.176470 0.014542
16.939000 1.084000 0.014542
-15.935000 0.126050 0.014555
-15.036000 0.327730 0.014581
3.726000 0.025210 0.014596
17.203000 -0.932770 0.014601
17.203000 0.932770 0.014611
5.047300 -1.184900 0.014622
-3.937400 -1.033600 0.014630
-11.389000 -0.025210 0.014644
-15.142000 0.277310 0.014650
5.311500 -0.075630 0.014661
5.153000 -0.680670 0.014679
16.939000 -1.084000 0.014686
-15.142000 -0.277310 0.014694
4.677300 0.932770 0.014695
9.116800 -0.176470 0.014708
9.064000 0.226890 0.014737
9.064000 -0.226890 0.014789
-7.848400 -0.025210 0.014791
17.362000 -0.025210 0.014802
9.011100 -0.226890 0.014838
9.169700 -1.134500 0.014843
17.045000 0.327730 0.014856
18.154000 0.025210 0.014856
9.169700 1.134500 0.014858
-2.299000 0.025210 0.014863
-11.178000 -0.126050 0.014891
-3.038900 -2.142900 0.014911
-11.019000 0.327730 0.014925
9.011100 0.226890 0.014936
18.154000 -0.025210 0.014993
-15.089000 0.327730 0.015044
17.414000 -0.075630 0.015052
-15.195000 1.084000 0.015058
1.030600 0.327730 0.015090
-3.884600 0.932770 0.015097
-2.986100 -2.142900 0.015108
-11.389000 0.025210 0.015110
3.461800 0.025210 0.015112
-2.563300 0.126050 0.015165
2.140500 -0.075630 0.015211
-7.055600 0.731090 0.015219
-1.876200 0.126050 0.015222
5.153000 -0.478990 0.015226
-2.669000 0.277310 0.015263
17.362000 0.025210 0.015332
-4.360200 -0.075630 0.015341
8.958300 0.680670 0.015348
3.726000 -0.025210 0.015355
-6.949900 0.277310 0.015374
-15.723000 -0.025210 0.015415
-3.038900 1.285700 0.015461
-15.195000 -1.084000 0.015502
8.958300 -0.176470 0.015511
5.100100 -0.378150 0.015522
4.465900 -0.025210 0.015545
-15.089000 -0.327730 0.015569
2.351900 0.075630 0.015571
3.091800 -0.025210 0.015577
3.461800 -0.025210 0.015598
4.783000 0.025210 0.015607
-3.303200 0.932770 0.015610
9.856700 -0.075630 0.015612
-15.036000 -0.327730 0.015631
4.201700 -0.075630 0.015635
-6.844200 -0.126050 0.015638
17.097000 0.882350 0.015640
4.624500 -0.932770 0.015655
-15.723000 0.025210 0.015663
4.148800 0.075630 0.015664
-3.673200 1.033600 0.015689
9.116800 0.176470 0.015689
-15.353000 -0.025210 0.015691
-3.884600 -0.932770 0.015714
-2.986100 1.285700 0.015718
-3.038900 -1.285700 0.015729
3.937400 0.983190 0.015735
-7.214200 1.033600 0.015764
-3.937400 0.983190 0.015765
5.153000 0.529410 0.015773
-2.404700 -0.126050 0.015781
-3.567500 -0.126050 0.015792
3.144600 0.075630 0.015808
8.852600 0.932770 0.015812
-4.413100 -0.075630 0.015843
1.030600 0.277310 0.015843
4.465900 0.025210 0.015848
-3.356100 -0.327730 0.015871
0.819190 0.630250 0.015876
4.994400 -1.184900 0.015894
4.941600 -0.378150 0.015910
-15.353000 0.025210 0.015914
-2.986100 0.831930 0.015914
9.169700 -0.327730 0.015927
1.876200 0.075630 0.015938
-3.461800 1.033600 0.015940
3.884600 0.126050 0.015940
-3.461800 -1.033600 0.015966
2.669000 -0.075630 0.015979
4.835900 -0.327730 0.016003
9.116800 0.478990 0.016021
17.097000 -0.882350 0.016029
8.852600 -0.932770 0.016030
-4.677300 0.025210 0.016036
-3.356100 0.327730 0.016056
-3.408900 -0.277310 0.016077
17.045000 0.882350 0.016087
-3.673200 -1.033600 0.016092
-3.038900 0.831930 0.016098
-2.986100 -1.285700 0.016101
9.328200 -0.075630 0.016101
3.937400 -1.033600 0.016117
-3.937400 -0.983190 0.016121
2.616100 -0.075630 0.016125
-7.214200 -1.033600 0.016168
5.047300 0.378150 0.016199
-10.914000 -0.932770 0.016202
-3.144600 1.184900 0.016210
-11.072000 0.277310 0.016221
9.856700 0.075630 0.016224
17.414000 0.075630 0.016233
3.356100 -0.075630 0.016260
-11.178000 0.126050 0.016289
8.059800 0.025210 0.016322
1.981900 0.075630 0.016333
-3.197500 0.478990 0.016342
4.941600 0.781510 0.016343
2.933200 -0.075630 0.016354
-3.408900 0.277310 0.016357
5.205800 1.084000 0.016363
2.034800 -0.075630 0.016375
-1.981900 0.983190 0.016385
17.045000 -0.882350 0.016446
-3.620300 0.932770 0.016455
-4.677300 -0.025210 0.016483
-11.125000 1.084000 0.016510
8.958300 0.176470 0.016519
-3.303200 -0.932770 0.016520
5.575800 -0.025210 0.016547
-3.144600 -0.579830 0.016587
17.679000 -0.025210 0.016593
-11.125000 -1.084000 0.016608
9.116800 -0.680670 0.016613
-15.036000 0.882350 0.016662
1.929100 -1.033600 0.016663
2.880400 0.075630 0.016668
-2.880400 -1.184900 0.016676
8.059800 -0.025210 0.016718
-15.459000 -0.075630 0.016728
4.783000 -0.025210 0.016742
2.457600 0.025210 0.016758
9.592500 -0.025210 0.016764
-15.459000 0.075630 0.016783
-2.880400 1.184900 0.016783
-3.567500 0.126050 0.016791
-15.089000 0.882350 0.016826
4.835900 0.327730 0.016841
17.679000 0.025210 0.016842
-3.197500 -0.478990 0.016857
-6.949900 -0.882350 0.016861
-1.929100 1.033600 0.016865
4.148800 -0.075630 0.016894
5.153000 0.176470 0.016896
-3.038900 -0.630250 0.016898
4.835900 -1.134500 0.016905
-3.620300 -0.932770 0.016917
2.827500 0.025210 0.016924
5.364400 0.126050 0.016929
-15.036000 -0.882350 0.016931
9.592500 0.025210 0.016967
-3.356100 0.882350 0.016974
4.360200 -0.075630 0.016991
-1.664800 -0.983190 0.017001
17.256000 0.025210 0.017013
-14.930000 -0.932770 0.017026
-3.144600 -1.184900 0.017029
-3.673200 0.983190 0.017052
-3.197500 0.529410 0.017076
-7.108500 1.134500 0.017081
3.937400 -0.983190 0.017082
5.575800 0.025210 0.017087
5.153000 0.478990 0.017116
8.007000 0.075630 0.017123
4.677300 -0.932770 0.017140
-7.689800 -0.025210 0.017162
9.116800 -0.529410 0.017166
-15.089000 -0.882350 0.017168
9.169700 0.327730 0.017178
-3.197500 -0.529410 0.017215
-2.933200 1.991600 0.017226
-15.987000 -0.126050 0.017227
-2.933200 0.428570 0.017249
9.116800 -0.478990 0.017255
-14.930000 0.932770 0.017290
3.408900 0.075630 0.017352
-3.356100 -0.882350 0.017354
0.977750 -0.025210 0.017364
-11.019000 0.277310 0.017373
-3.461800 -0.983190 0.017373
9.116800 0.529410 0.017396
-3.831700 -0.126050 0.017411
17.256000 -0.025210 0.017439
-7.214200 0.983190 0.017443
0.977750 0.025210 0.017456
-7.214200 -0.983190 0.017464
-3.461800 0.983190 0.017484
-15.987000 0.126050 0.017488
-7.478400 0.025210 0.017515
-7.478400 -0.025210 0.017528
-3.144600 0.579830 0.017532
-3.673200 -0.983190 0.017535
-3.038900 -0.831930 0.017568
8.905400 1.134500 0.017588
17.890000 -0.075630 0.017592
-17.045000 0.025210 0.017596
4.360200 0.075630 0.017620
-3.197500 0.731090 0.017621
1.453400 0.680670 0.017636
-2.986100 -0.630250 0.017647
8.905400 -1.134500 0.017704
8.641200 -0.075630 0.017718
8.007000 -0.075630 0.017722
-7.689800 0.025210 0.017764
8.958300 -0.680670 0.017808
17.097000 -0.277310 0.017813
4.994400 0.378150 0.017854
3.567500 0.025210 0.017866
5.892900 -0.025210 0.017909
-6.949900 0.882350 0.017932
17.097000 0.277310 0.017945
5.153000 -0.529410 0.017948
17.890000 0.075630 0.017953
-1.083400 -0.327730 0.017956
1.294900 -1.033600 0.017956
-7.108500 -1.134500 0.017959
4.941600 -0.781510 0.017985
-17.045000 -0.025210 0.017996
1.664800 0.126050 0.018024
-7.901300 0.075630 0.018031
2.457600 -0.025210 0.018042
9.328200 0.075630 0.018074
8.641200 0.075630 0.018084
10.015000 -0.075630 0.018123
-11.918000 -0.025210 0.018145
-3.831700 0.126050 0.018161
9.169700 0.882350 0.018175
4.624500 1.033600 0.018181
3.197500 0.025210 0.018213
-11.971000 -0.025210 0.018218
9.222500 1.033600 0.018233
2.827500 -0.025210 0.018234
-7.954100 -0.075630 0.018246
5.892900 0.025210 0.018277
16.939000 0.932770 0.018279
5.153000 -0.176470 0.018296
17.045000 -0.277310 0.018304
-2.986100 -0.831930 0.018348
-7.108500 0.327730 0.018352
-7.901300 -0.075630 0.018378
-15.036000 0.277310 0.018386
2.087600 -0.075630 0.018406
16.939000 -0.932770 0.018419
-2.721800 0.126050 0.018438
18.102000 -0.075630 0.018441
-3.091800 1.991600 0.018458
-7.954100 0.075630 0.018464
9.222500 -1.033600 0.018467
-4.624500 0.025210 0.018481
-16.992000 0.025210 0.018498
-11.971000 0.025210 0.018499
-11.918000 0.025210 0.018540
-7.002800 0.327730 0.018550
8.905400 -0.327730 0.018582
-6.949900 -0.327730 0.018587
17.045000 0.277310 0.018599
5.153000 0.680670 0.018617
3.884600 -0.126050 0.018636
3.937400 0.126050 0.018645
-2.933200 -0.428570 0.018674
18.102000 0.075630 0.018708
-3.091800 0.428570 0.018711
9.645300 -0.075630 0.018714
3.567500 -0.025210 0.018721
-2.827500 -0.680670 0.018766
-2.933200 2.092400 0.018781
1.981900 -0.075630 0.018817
-15.089000 0.277310 0.018846
-2.404700 0.126050 0.018869
-6.897100 1.084000 0.018878
5.100100 0.226890 0.018885
3.144600 -0.075630 0.018887
10.015000 0.075630 0.018901
-16.992000 -0.025210 0.018905
9.169700 -0.882350 0.018916
-4.624500 -0.025210 0.018959
-7.002800 1.134500 0.018968
-2.827500 -0.478990 0.018980
17.203000 1.033600 0.019020
17.203000 -1.033600 0.019047
-15.195000 0.932770 0.019068
3.831700 0.075630 0.019085
-10.914000 1.033600 0.019135
-3.197500 -0.731090 0.019147
-15.248000 0.075630 0.019159
7.954100 0.075630 0.019178
-3.990300 -0.075630 0.019214
2.404700 0.075630 0.019248
-15.195000 -0.932770 0.019292
3.197500 -0.025210 0.019298
-2.933200 -1.991600 0.019312
4.835900 -0.277310 0.019328
5.205800 -1.084000 0.019331
1.400600 0.932770 0.019337
-15.036000 -0.277310 0.019374
4.835900 0.882350 0.019389
3.408900 -0.075630 0.019403
-15.089000 -0.277310 0.019409
8.958300 0.478990 0.019418
-3.884600 1.033600 0.019442
-2.827500 0.176470 0.019484
-4.148800 0.025210 0.019495
-3.144600 -0.378150 0.019510
9.645300 0.075630 0.019535
-15.248000 -0.075630 0.019540
-11.125000 0.932770 0.019606
4.677300 1.033600 0.019621
-1.823400 1.033600 0.019652
9.698200 -0.025210 0.019671
-3.091800 -1.991600 0.019715
7.954100 -0.075630 0.019776
4.835900 -0.882350 0.019787
4.043100 0.025210 0.019795
4.624500 0.983190 0.019820
-4.888700 0.025210 0.019821
-3.884600 -1.033600 0.019856
-7.002800 -1.134500 0.019858
9.116800 0.731090 0.019891
9.222500 0.983190 0.019920
-3.990300 0.075630 0.019955
9.698200 0.025210 0.019993
-10.914000 -1.033600 0.020009
-6.897100 -1.084000 0.020018
-7.637000 -0.025210 0.020063
5.153000 -0.731090 0.020088
8.694000 -0.075630 0.020097
9.222500 -0.983190 0.020104
9.169700 -0.277310 0.020145
-4.148800 -0.025210 0.020148
9.011100 0.680670 0.020180
-2.827500 0.478990 0.020184
5.311500 0.075630 0.020195
4.624500 -1.033600 0.020215
2.880400 -0.075630 0.020222
-7.108500 -0.327730 0.020223
-3.091800 2.092400 0.020228
5.047300 -0.781510 0.020237
-3.356100 0.277310 0.020276
5.047300 0.781510 0.020276
-2.827500 0.529410 0.020277
1.030600 -0.025210 0.020381
9.011100 -0.176470 0.020389
9.064000 0.680670 0.020391
-2.827500 0.680670 0.020433
9.064000 -0.176470 0.020437
-4.941600 0.025210 0.020473
2.140500 0.025210 0.020492
8.905400 0.327730 0.020494
1.083400 0.075630 0.020506
-10.914000 0.983190 0.020526
-15.882000 -0.075630 0.020529
-2.827500 -0.529410 0.020548
-7.637000 0.025210 0.020566
1.876200 -0.025210 0.020575
-3.356100 -0.277310 0.020581
8.852600 1.033600 0.020582
5.047300 -0.378150 0.020603
-2.457600 -0.075630 0.020630
-4.888700 -0.025210 0.020634
17.203000 0.983190 0.020634
16.040000 0.025210 0.020636
-6.949900 -0.277310 0.020696
8.958300 -0.529410 0.020698
-15.882000 0.075630 0.020708
3.831700 -0.075630 0.020728
-3.937400 -0.126050 0.020775
8.694000 0.075630 0.020786
8.958300 -0.478990 0.020790
-3.673200 0.126050 0.020793
-2.827500 -0.176470 0.020809
-3.303200 1.033600 0.020836
17.203000 -0.983190 0.020836
-16.093000 -0.075630 0.020859
15.987000 0.025210 0.020892
-3.303200 -1.033600 0.020894
-3.673200 -0.126050 0.020902
9.169700 0.277310 0.020920
4.994400 -0.378150 0.020930
-3.250300 0.025210 0.020943
8.958300 0.529410 0.020952
5.628700 -0.025210 0.020972
-7.055600 1.134500 0.020981
8.852600 -1.033600 0.021006
16.040000 -0.025210 0.021131
-2.933200 -2.092400 0.021134
2.351900 -0.075630 0.021160
-3.884600 0.983190 0.021178
4.677300 0.983190 0.021192
-3.461800 0.126050 0.021195
4.835900 0.277310 0.021214
4.043100 -0.025210 0.021222
-2.774700 0.075630 0.021257
-16.093000 0.075630 0.021261
-1.929100 0.983190 0.021273
7.901300 0.025210 0.021274
-4.941600 -0.025210 0.021293
15.987000 -0.025210 0.021308
1.664800 0.025210 0.021318
2.034800 0.025210 0.021357
-2.616100 -1.084000 0.021370
-3.144600 0.378150 0.021380
-1.664800 -1.033600 0.021381
4.994400 0.781510 0.021383
1.030600 0.025210 0.021384
5.100100 -0.226890 0.021408
8.905400 0.882350 0.021414
-7.214200 0.126050 0.021421
-3.937400 0.126050 0.021427
2.616100 0.025210 0.021522
9.116800 -0.731090 0.021604
-7.055600 0.327730 0.021605
-2.880400 -0.378150 0.021607
1.929100 0.075630 0.021608
7.901300 -0.025210 0.021614
4.888700 0.680670 0.021630
-3.091800 -2.092400 0.021649
8.958300 0.731090 0.021661
-15.670000 -0.025210 0.021690
5.628700 0.025210 0.021716
-3.620300 1.033600 0.021729
-7.108500 -0.882350 0.021801
9.011100 0.176470 0.021816
-3.461800 -0.126050 0.021834
-3.884600 -0.983190 0.021836
-7.055600 -1.134500 0.021865
-3.091800 -0.428570 0.021878
-15.406000 -0.075630 0.021904
4.677300 -1.033600 0.021923
4.730200 -0.075630 0.021928
-11.125000 -0.932770 0.021945
-3.620300 -1.033600 0.021985
-2.880400 0.378150 0.022005
-14.930000 1.033600 0.022011
1.506300 0.126050 0.022073
2.669000 0.025210 0.022113
-15.670000 0.025210 0.022137
-3.250300 -0.025210 0.022145
4.624500 -0.983190 0.022150
3.937400 -0.126050 0.022153
8.905400 -0.882350 0.022225
-10.914000 -0.983190 0.022237
-2.669000 -1.084000 0.022249
9.064000 0.176470 0.022254
-7.108500 0.277310 0.022284
5.205800 -0.932770 0.022289
4.994400 -0.781510 0.022311
-2.933200 2.042000 0.022376
1.242000 -0.327730 0.022436
-15.406000 0.075630 0.022454
-3.303200 0.983190 0.022454
8.852600 0.983190 0.022473
-1.981900 0.932770 0.022486
-14.930000 -1.033600 0.022489
-2.616100 1.084000 0.022531
2.140500 -0.025210 0.022550
4.201700 0.025210 0.022588
4.888700 0.176470 0.022609
-7.108500 0.882350 0.022661
-4.360200 0.025210 0.022694
1.083400 -0.025210 0.022803
5.153000 0.731090 0.022820
8.852600 -0.983190 0.022865
1.453400 0.731090 0.022903
5.205800 0.932770 0.022935
-7.002800 0.277310 0.022950
-2.457600 0.075630 0.022987
2.087600 0.025210 0.023067
-3.303200 -0.983190 0.023088
1.083400 0.277310 0.023238
4.888700 0.478990 0.023289
-7.108500 -0.277310 0.023296
-10.967000 -1.084000 0.023298
-4.413100 0.025210 0.023308
-10.967000 1.084000 0.023311
4.201700 -0.025210 0.023325
2.933200 0.025210 0.023341
-4.360200 -0.025210 0.023350
2.034800 -0.025210 0.023383
1.876200 0.025210 0.023405
2.616100 -0.025210 0.023484
3.356100 0.025210 0.023493
9.011100 -0.680670 0.023564
-3.620300 0.983190 0.023587
2.669000 -0.025210 0.023640
-6.897100 -0.932770 0.023676
9.064000 -0.680670 0.023748
8.958300 -0.731090 0.023791
-7.214200 -0.126050 0.023892
4.888700 -0.680670 0.023898
-2.986100 0.428570 0.023916
9.064000 0.478990 0.023957
4.730200 0.075630 0.023959
16.939000 1.033600 0.023960
17.150000 1.084000 0.024010
-3.620300 -0.983190 0.024018
-4.413100 -0.025210 0.024021
16.939000 -1.033600 0.024034
-3.091800 2.042000 0.024080
4.677300 -0.983190 0.024105
-14.930000 0.983190 0.024122
-7.002800 -0.882350 0.024165
17.150000 -1.084000 0.024188
4.888700 0.529410 0.024215
-3.038900 0.428570 0.024285
-2.986100 1.991600 0.024321
17.414000 -0.025210 0.024335
-14.930000 -0.983190 0.024461
-2.669000 1.084000 0.024478
4.941600 -0.226890 0.024491
-3.038900 1.991600 0.024499
4.148800 0.025210 0.024508
4.941600 0.226890 0.024528
-3.197500 1.134500 0.024570
8.905400 -0.277310 0.024575
3.356100 -0.025210 0.024580
9.011100 0.478990 0.024614
-15.195000 1.033600 0.024636
2.933200 -0.025210 0.024658
-10.861000 -0.075630 0.024674
4.888700 -0.478990 0.024737
2.404700 -0.075630 0.024775
-14.983000 1.084000 0.024783
9.856700 -0.025210 0.024876
-1.717700 0.075630 0.024894
3.620300 0.075630 0.024898
-7.002800 -0.327730 0.024961
17.414000 0.025210 0.024963
9.222500 0.126050 0.024979
-15.195000 -1.033600 0.025035
-2.827500 -0.731090 0.025062
1.929100 -0.075630 0.025119
-7.002800 0.882350 0.025121
4.413100 -0.075630 0.025131
-2.933200 -2.042000 0.025142
4.148800 -0.025210 0.025210
9.856700 0.025210 0.025222
9.222500 -0.126050 0.025354
-10.914000 -0.126050 0.025573
-6.897100 0.932770 0.025579
-14.983000 -1.084000 0.025619
5.417200 -0.075630 0.025619
9.064000 -0.529410 0.025627
4.888700 -0.529410 0.025649
1.242000 -0.529410 0.025654
4.624500 -0.126050 0.025663
17.203000 0.126050 0.025684
-3.091800 -2.042000 0.025702
17.203000 -0.126050 0.025731
4.888700 -0.176470 0.025741
5.311500 -0.025210 0.025773
9.064000 -0.478990 0.025814
-2.880400 -0.781510 0.025832
16.939000 0.983190 0.025950
1.981900 0.025210 0.025975
8.905400 0.277310 0.025992
4.571600 0.075630 0.025994
3.673200 0.075630 0.025998
9.064000 0.529410 0.026027
-7.055600 -0.327730 0.026029
-3.144600 0.781510 0.026142
4.413100 0.075630 0.026159
-3.197500 -1.134500 0.026170
-2.880400 0.781510 0.026178
2.087600 -0.025210 0.026248
3.144600 0.025210 0.026251
-2.986100 2.092400 0.026280
1.664800 -0.983190 0.026291
-3.038900 -1.991600 0.026296
16.939000 -0.983190 0.026304
9.011100 -0.529410 0.026305
4.624500 0.126050 0.026309
-10.861000 0.075630 0.026350
-2.827500 0.731090 0.026354
-15.459000 -0.025210 0.026356
4.571600 -0.075630 0.026405
16.992000 1.084000 0.026432
-7.055600 0.277310 0.026452
-3.038900 2.092400 0.026511
-7.372700 -0.075630 0.026521
-15.459000 0.025210 0.026525
9.011100 -0.478990 0.026536
-11.072000 -1.084000 0.026557
9.328200 -0.025210 0.026589
-11.072000 1.084000 0.026656
-2.616100 0.932770 0.026685
-7.055600 -0.882350 0.026689
-11.125000 1.033600 0.026691
16.992000 -1.084000 0.026693
-2.986100 -1.991600 0.026705
-2.774700 -0.075630 0.026707
4.677300 -0.126050 0.026714
9.011100 0.529410 0.026726
2.351900 0.025210 0.026752
-15.195000 0.983190 0.026806
-7.425600 -0.075630 0.026819
-7.161300 1.084000 0.026829
-1.981900 0.075630 0.026834
9.909600 -0.075630 0.026948
-1.876200 -0.075630 0.027061
1.083400 0.025210 0.027083
-1.981900 -0.075630 0.027207
-3.303200 -0.126050 0.027244
-7.425600 0.075630 0.027297
1.981900 -0.025210 0.027316
4.360200 -0.025210 0.027360
-2.933200 -0.579830 0.027380
8.007000 0.025210 0.027401
-15.195000 -0.983190 0.027430
5.205800 1.033600 0.027485
-10.967000 0.932770 0.027580
-7.055600 0.882350 0.027619
5.047300 0.226890 0.027625
8.852600 0.126050 0.027627
-7.372700 0.075630 0.027687
-11.125000 -1.033600 0.027700
9.328200 0.025210 0.027713
4.360200 0.025210 0.027716
8.007000 -0.025210 0.027750
-15.142000 1.084000 0.027827
9.433900 -0.075630 0.027836
-2.986100 -0.428570 0.027857
17.890000 0.025210 0.027859
-3.197500 -0.327730 0.027870
-2.669000 0.932770 0.027879
17.890000 -0.025210 0.027891
-7.161300 -1.084000 0.027896
8.852600 -0.126050 0.027899
3.144600 -0.025210 0.027972
2.880400 0.025210 0.028029
-3.884600 -0.126050 0.028030
-3.144600 -0.781510 0.028068
-7.901300 0.025210 0.028117
-3.038900 -0.428570 0.028140
9.909600 0.075630 0.028143
8.641200 -0.025210 0.028148
4.888700 0.731090 0.028200
1.506300 0.075630 0.028213
9.962400 -0.075630 0.028260
3.620300 -0.075630 0.028317
-7.901300 -0.025210 0.028329
8.641200 0.025210 0.028335
3.408900 0.025210 0.028374
-7.002800 -0.277310 0.028377
9.011100 0.731090 0.028381
9.064000 0.731090 0.028418
-7.954100 -0.025210 0.028449
1.664800 0.075630 0.028463
-15.142000 -1.084000 0.028479
-11.125000 0.983190 0.028522
-11.019000 -1.084000 0.028544
18.049000 -0.075630 0.028553
-7.954100 0.025210 0.028586
-11.019000 1.084000 0.028599
10.015000 -0.025210 0.028616
-2.933200 0.579830 0.028784
5.311500 0.025210 0.028798
-3.620300 -0.126050 0.028822
-3.038900 -2.092400 0.028854
-3.884600 0.126050 0.028903
1.664800 -1.084000 0.028918
4.677300 0.126050 0.028953
-10.914000 0.126050 0.028961
10.015000 0.025210 0.028963
5.153000 1.134500 0.028989
9.116800 -1.134500 0.029020
18.102000 -0.025210 0.029024
18.102000 0.025210 0.029035
9.116800 1.134500 0.029173
-2.616100 -0.932770 0.029244
18.049000 0.075630 0.029245
-2.986100 -2.092400 0.029267
-3.620300 0.126050 0.029314
-14.878000 0.075630 0.029330
5.417200 0.075630 0.029390
3.408900 -0.025210 0.029497
-14.930000 0.126050 0.029501
-3.197500 0.327730 0.029524
3.673200 -0.075630 0.029544
9.962400 0.075630 0.029560
-3.408900 -1.084000 0.029607
-3.408900 1.084000 0.029619
5.153000 0.327730 0.029727
2.351900 -0.025210 0.029787
-3.091800 -0.579830 0.029796
-7.055600 -0.277310 0.029814
-15.248000 0.025210 0.029862
9.645300 -0.025210 0.029893
2.880400 -0.025210 0.029972
-3.990300 -0.025210 0.030027
9.433900 0.075630 0.030036
-3.303200 0.126050 0.030047
17.150000 0.932770 0.030068
17.943000 -0.075630 0.030071
-15.248000 -0.025210 0.030245
-2.933200 -1.184900 0.030367
9.645300 0.025210 0.030374
17.150000 -0.932770 0.030443
4.994400 0.226890 0.030446
-3.990300 0.025210 0.030454
5.205800 -1.033600 0.030473
5.047300 -0.226890 0.030480
7.954100 0.025210 0.030572
-3.091800 1.184900 0.030605
-11.125000 -0.983190 0.030643
3.831700 0.025210 0.030660
17.943000 0.075630 0.030874
9.116800 -0.327730 0.030922
-2.933200 1.184900 0.030942
7.954100 -0.025210 0.030947
-14.930000 -0.126050 0.031027
-2.669000 -0.932770 0.031078
5.205800 0.983190 0.031094
-10.967000 -0.932770 0.031132
9.011100 -0.731090 0.031158
9.064000 -0.731090 0.031202
-14.878000 -0.075630 0.031248
5.100100 -0.680670 0.031260
-3.091800 -1.184900 0.031307
-6.897100 1.033600 0.031408
16.886000 0.075630 0.031450
-2.986100 2.042000 0.031464
8.958300 -1.134500 0.031469
-11.072000 0.932770 0.031474
8.958300 1.134500 0.031483
16.886000 -0.075630 0.031536
-14.983000 0.932770 0.031579
3.831700 -0.025210 0.031598
-3.197500 -0.882350 0.031640
-3.038900 2.042000 0.031730
-14.983000 -0.932770 0.031749
-3.091800 0.579830 0.031813
-6.897100 -1.033600 0.031833
4.888700 -0.731090 0.031839
-15.882000 0.025210 0.031952
16.939000 0.126050 0.031973
16.939000 -0.126050 0.032047
8.694000 -0.025210 0.032049
5.100100 -0.478990 0.032055
-15.882000 -0.025210 0.032187
4.994400 -0.226890 0.032188
-3.197500 0.882350 0.032220
1.294900 -0.983190 0.032261
5.205800 -0.983190 0.032296
8.694000 0.025210 0.032442
5.100100 0.529410 0.032716
2.404700 0.025210 0.032784
-16.093000 0.025210 0.033000
-16.093000 -0.025210 0.033019
16.992000 0.932770 0.033142
-2.351900 -0.075630 0.033171
8.958300 -0.327730 0.033280
-6.844200 0.075630 0.033343
16.992000 -0.932770 0.033417
5.153000 -1.134500 0.033507
-15.195000 0.126050 0.033530
5.100100 0.478990 0.033680
-11.019000 0.932770 0.033794
5.100100 0.176470 0.033818
-2.457600 -0.025210 0.033900
17.097000 1.084000 0.033947
-6.897100 -0.983190 0.033997
-15.195000 -0.126050 0.034102
-11.125000 -0.126050 0.034119
9.116800 0.327730 0.034123
17.097000 -1.084000 0.034151
5.100100 -0.176470 0.034200
-3.038900 -2.042000 0.034290
-7.161300 -0.932770 0.034361
3.990300 0.075630 0.034422
9.381100 -0.075630 0.034563
17.996000 -0.075630 0.034638
1.400600 1.134500 0.034661
-2.986100 -2.042000 0.034768
-15.406000 -0.025210 0.034781
-7.161300 0.932770 0.034870
17.045000 1.084000 0.034965
5.100100 0.680670 0.035001
-15.142000 0.932770 0.035012
-15.406000 0.025210 0.035066
-6.897100 0.983190 0.035073
9.116800 0.882350 0.035111
-2.457600 0.025210 0.035188
17.045000 -1.084000 0.035193
-11.072000 -0.932770 0.035243
1.929100 0.025210 0.035288
-6.949900 1.084000 0.035424
-15.036000 1.084000 0.035527
17.996000 0.075630 0.035589
-15.142000 -0.932770 0.035752
-3.197500 -0.277310 0.035760
2.404700 -0.025210 0.035793
5.100100 -0.529410 0.035819
4.730200 -0.025210 0.035915
-2.774700 0.025210 0.035945
-2.827500 1.134500 0.036089
-15.089000 1.084000 0.036137
-3.091800 -0.378150 0.036149
-2.616100 -1.033600 0.036216
-2.351900 0.075630 0.036253
5.364400 -0.075630 0.036392
-2.616100 1.033600 0.036422
-15.036000 -1.084000 0.036449
1.506300 0.025210 0.036563
-3.356100 -1.084000 0.036607
-6.949900 -1.084000 0.036761
-3.356100 1.084000 0.036854
-15.089000 -1.084000 0.036926
8.958300 0.327730 0.036947
-2.827500 -1.134500 0.036985
4.730200 0.025210 0.037005
5.205800 0.126050 0.037183
9.116800 -0.882350 0.037199
-3.408900 -0.932770 0.037234
1.929100 -0.025210 0.037262
-16.040000 -0.075630 0.037416
-10.967000 1.033600 0.037416
9.381100 0.075630 0.037553
-3.408900 0.932770 0.037557
-2.880400 0.226890 0.037564
-16.040000 0.075630 0.037903
-2.669000 -1.033600 0.037946
8.958300 0.882350 0.037952
-11.125000 0.126050 0.037987
-11.019000 -0.932770 0.037990
-3.197500 0.277310 0.038054
4.835900 1.084000 0.038074
5.153000 0.277310 0.038226
-2.880400 -0.226890 0.038291
-2.933200 -0.378150 0.038351
-2.774700 -0.025210 0.038516
-2.986100 -0.579830 0.038535
-2.563300 -0.075630 0.038726
-10.967000 -1.033600 0.038768
3.990300 -0.075630 0.038785
5.153000 0.882350 0.038813
4.941600 0.680670 0.038819
-3.038900 -0.579830 0.038872
-1.929100 0.075630 0.038997
-2.616100 0.983190 0.039032
-2.669000 1.033600 0.039189
-10.861000 -0.025210 0.039211
-6.844200 -0.075630 0.039234
17.150000 1.033600 0.039320
-3.144600 -0.226890 0.039365
17.150000 -1.033600 0.039406
9.169700 1.084000 0.039459
-15.935000 -0.075630 0.039597
-15.935000 0.075630 0.039720
9.169700 -1.084000 0.039765
5.153000 -0.882350 0.039776
-10.967000 0.983190 0.039866
-2.827500 0.327730 0.039879
8.958300 -0.882350 0.039955
9.116800 -0.277310 0.039982
5.153000 -0.327730 0.040025
4.941600 0.176470 0.040103
0.554940 0.882350 0.040206
-10.861000 0.025210 0.040313
4.413100 -0.025210 0.040346
-2.616100 -0.983190 0.040533
4.888700 1.134500 0.040537
3.620300 0.025210 0.040565
-3.091800 0.378150 0.040607
4.941600 0.478990 0.040619
-2.933200 0.378150 0.040638
-2.721800 -0.075630 0.040689
-14.983000 1.033600 0.040721
4.413100 0.025210 0.040839
-1.083400 -0.126050 0.040913
4.941600 -0.680670 0.041036
4.571600 0.025210 0.041052
-3.144600 0.226890 0.041131
9.011100 -1.134500 0.041180
-3.038900 0.579830 0.041221
0.977750 0.478990 0.041243
-2.563300 0.075630 0.041289
9.011100 1.134500 0.041300
4.571600 -0.025210 0.041330
9.064000 -1.134500 0.041369
-2.986100 0.579830 0.041407
-2.669000 0.983190 0.041467
9.064000 1.134500 0.041571
-14.983000 -1.033600 0.041580
-3.038900 1.184900 0.041600
-3.038900 -1.184900 0.041688
9.116800 0.277310 0.041836
4.941600 0.529410 0.041883
-6.897100 0.126050 0.042043
5.100100 -0.731090 0.042062
-2.986100 1.184900 0.042121
-1.929100 -0.075630 0.042122
-1.876200 -0.025210 0.042224
5.417200 -0.025210 0.042257
-7.425600 -0.025210 0.042294
17.097000 0.932770 0.042340
-7.372700 -0.025210 0.042350
3.620300 -0.025210 0.042403
3.673200 0.025210 0.042432
-2.827500 -0.327730 0.042474
4.941600 -0.478990 0.042513
-2.986100 -1.184900 0.042548
1.189200 -0.176470 0.042568
-7.425600 0.025210 0.042587
4.941600 -0.176470 0.042663
17.150000 0.983190 0.042737
-11.178000 -0.075630 0.042792
-11.072000 1.033600 0.042795
-1.981900 0.025210 0.042800
-2.669000 -0.983190 0.042802
-7.372700 0.025210 0.042908
-1.981900 -0.025210 0.042968
9.909600 -0.025210 0.042977
17.097000 -0.932770 0.043051
-10.967000 -0.983190 0.043146
17.150000 -0.983190 0.043225
16.992000 1.033600 0.043324
16.992000 -1.033600 0.043548
9.011100 -0.327730 0.043602
9.909600 0.025210 0.043614
17.045000 0.932770 0.043648
5.364400 0.075630 0.043658
8.958300 -0.277310 0.043833
9.064000 -0.327730 0.043892
-7.161300 1.033600 0.044028
4.835900 -1.084000 0.044171
5.417200 0.025210 0.044259
5.100100 0.731090 0.044313
17.045000 -0.932770 0.044327
-14.983000 0.983190 0.044405
3.673200 -0.025210 0.044422
-11.072000 -1.033600 0.044425
4.941600 -0.529410 0.044492
-6.949900 -0.932770 0.044725
5.205800 -0.126050 0.044772
-15.036000 0.932770 0.044842
-3.567500 -0.075630 0.044884
9.962400 -0.025210 0.044971
9.433900 -0.025210 0.045006
-7.161300 -1.033600 0.045009
18.049000 -0.025210 0.045125
-14.983000 -0.983190 0.045133
-11.178000 0.075630 0.045169
-2.827500 -0.882350 0.045296
18.049000 0.025210 0.045384
-15.089000 0.932770 0.045435
-15.142000 1.033600 0.045437
-7.108500 1.084000 0.045494
-15.036000 -0.932770 0.045552
9.962400 0.025210 0.045726
-2.616100 -0.126050 0.045765
-11.072000 0.983190 0.045846
-11.019000 1.033600 0.045925
3.884600 0.075630 0.045956
1.400600 0.983190 0.046092
9.433900 0.025210 0.046230
-15.089000 -0.932770 0.046262
-3.567500 0.075630 0.046277
-2.669000 -0.126050 0.046303
-1.559100 -0.025210 0.046351
-3.356100 0.932770 0.046368
8.958300 0.277310 0.046385
5.047300 -0.680670 0.046408
-15.142000 -1.033600 0.046446
-6.949900 0.932770 0.046550
-3.831700 -0.075630 0.046622
5.153000 -0.277310 0.046649
-3.356100 -0.932770 0.046709
-7.108500 -1.084000 0.046915
16.992000 0.983190 0.047013
-6.897100 -0.126050 0.047045
4.888700 -1.134500 0.047060
-14.878000 0.025210 0.047088
-2.827500 0.882350 0.047093
8.905400 1.084000 0.047105
4.888700 0.327730 0.047149
-2.404700 -0.075630 0.047158
1.242000 -0.378150 0.047203
-15.987000 -0.075630 0.047432
-3.831700 0.075630 0.047522
-1.876200 0.075630 0.047558
-11.019000 -1.033600 0.047594
5.047300 -0.478990 0.047645
16.992000 -0.983190 0.047647
17.943000 -0.025210 0.047738
8.905400 -1.084000 0.047770
4.888700 -0.327730 0.047771
-15.987000 0.075630 0.047805
17.943000 0.025210 0.048009
-1.717700 0.025210 0.048024
5.047300 0.478990 0.048026
5.047300 0.529410 0.048030
5.047300 0.176470 0.048098
5.047300 -0.176470 0.048292
5.047300 0.680670 0.048373
-14.878000 -0.025210 0.048423
-7.161300 0.983190 0.048445
-3.408900 -1.033600 0.048504
-2.933200 -0.781510 0.048681
9.011100 0.327730 0.048686
-10.967000 -0.126050 0.048714
-3.408900 1.033600 0.048753
-7.161300 -0.983190 0.048755
-3.091800 0.781510 0.048874
9.064000 0.327730 0.048987
9.169700 0.932770 0.049030
-11.019000 0.983190 0.049052
16.886000 0.025210 0.049100
16.886000 -0.025210 0.049106
-11.072000 -0.983190 0.049167
-2.933200 0.781510 0.049174
-3.038900 -0.378150 0.049282
-2.721800 0.075630 0.049310
-15.142000 0.983190 0.049500
9.011100 0.882350 0.049529
9.064000 0.882350 0.049701
-1.876200 0.025210 0.049737
4.835900 0.932770 0.049936
3.884600 -0.075630 0.050230
-2.827500 0.277310 0.050281
4.994400 0.680670 0.050432
-7.002800 1.084000 0.050506
9.169700 -0.932770 0.050572
-15.142000 -0.983190 0.050611
4.941600 0.731090 0.050722
1.664800 -1.033600 0.050744
-2.986100 -0.378150 0.050888
4.994400 0.176470 0.051141
4.994400 -0.680670 0.051195
-2.404700 0.075630 0.051389
4.994400 0.478990 0.051492
-2.827500 -0.277310 0.051595
5.047300 -0.529410 0.051611
-3.091800 -0.781510 0.051624
-7.002800 -1.084000 0.051948
4.994400 -0.176470 0.052448
4.994400 0.529410 0.052571
9.011100 -0.882350 0.052704
17.150000 -0.126050 0.052750
-11.019000 -0.983190 0.052863
4.994400 -0.478990 0.052873
-3.408900 -0.983190 0.052897
4.888700 0.882350 0.052946
9.064000 -0.882350 0.053074
-3.408900 0.983190 0.053265
17.150000 0.126050 0.053310
4.835900 -0.932770 0.053806
-2.351900 -0.025210 0.054017
-3.038900 0.378150 0.054083
-6.844200 0.025210 0.054393
3.937400 0.075630 0.054450
4.941600 -0.731090 0.054633
-2.616100 0.126050 0.054779
17.996000 -0.025210 0.054843
-10.967000 0.126050 0.054922
-11.072000 -0.126050 0.054978
-14.983000 0.126050 0.055080
17.996000 0.025210 0.055333
17.097000 1.033600 0.055442
-2.351900 0.025210 0.055674
-7.055600 1.084000 0.055759
-2.986100 0.378150 0.055818
-3.937400 -0.075630 0.055881
17.097000 -1.033600 0.055925
4.994400 -0.529410 0.056071
-14.983000 -0.126050 0.056190
9.381100 -0.025210 0.056190
-3.144600 0.176470 0.056604
-3.144600 0.680670 0.056640
-2.880400 -0.176470 0.056640
3.990300 0.025210 0.056646
4.888700 -0.882350 0.056699
-3.937400 0.075630 0.057009
17.045000 1.033600 0.057094
9.064000 -0.277310 0.057289
-7.055600 -1.084000 0.057311
9.011100 -0.277310 0.057374
17.045000 -1.033600 0.057581
-6.844200 -0.025210 0.057751
9.381100 0.025210 0.057770
-7.108500 -0.932770 0.057938
-15.036000 1.033600 0.058190
5.100100 1.134500 0.058221
16.992000 -0.126050 0.058275
-2.669000 0.126050 0.058346
-6.949900 1.033600 0.058384
16.992000 0.126050 0.058466
8.905400 0.932770 0.058494
-2.880400 0.680670 0.058514
4.888700 -0.277310 0.058532
-7.108500 0.932770 0.058747
-16.040000 -0.025210 0.058930
-15.089000 1.033600 0.059029
-2.880400 -0.680670 0.059036
-6.949900 -1.033600 0.059094
-2.880400 0.176470 0.059178
3.990300 -0.025210 0.059180
4.888700 0.277310 0.059208
-7.214200 0.075630 0.059214
-16.040000 0.025210 0.059269
-11.019000 -0.126050 0.059275
-3.673200 -0.075630 0.059328
-3.673200 0.075630 0.059380
-15.036000 -1.033600 0.059425
-3.144600 -0.176470 0.059732
-3.461800 0.075630 0.059850
3.937400 -0.075630 0.060119
-7.161300 0.126050 0.060246
17.097000 0.983190 0.060275
-3.356100 -1.033600 0.060349
8.905400 -0.932770 0.060354
-3.356100 1.033600 0.060356
-15.089000 -1.033600 0.060366
9.064000 0.277310 0.060544
9.011100 0.277310 0.060564
-3.461800 -0.075630 0.060628
5.364400 -0.025210 0.061064
17.097000 -0.983190 0.061071
-3.144600 -0.680670 0.061443
-11.072000 0.126050 0.061495
-15.935000 0.025210 0.061935
-7.214200 -0.075630 0.061966
5.047300 -0.731090 0.061988
-15.935000 -0.025210 0.062004
17.045000 0.983190 0.062030
-15.142000 0.126050 0.062071
-2.880400 -0.478990 0.062189
-2.563300 -0.025210 0.062285
5.047300 0.731090 0.062344
-15.142000 -0.126050 0.062385
-2.880400 0.478990 0.062788
17.045000 -0.983190 0.062886
5.100100 0.327730 0.062905
4.835900 1.033600 0.062940
-15.036000 0.983190 0.063496
-6.949900 -0.983190 0.063695
-2.563300 0.025210 0.063875
-7.002800 -0.932770 0.063961
9.169700 1.033600 0.064131
-7.161300 -0.126050 0.064236
-15.089000 0.983190 0.064336
-0.343530 0.983190 0.064379
-6.949900 0.983190 0.064602
-15.036000 -0.983190 0.064741
-2.880400 -0.529410 0.064845
5.364400 0.025210 0.065007
-2.880400 0.529410 0.065105
9.169700 -1.033600 0.065233
-7.002800 0.932770 0.065586
-1.929100 0.025210 0.065599
-15.089000 -0.983190 0.065626
4.994400 0.731090 0.065677
-3.038900 0.781510 0.065827
5.100100 -1.134500 0.065871
-3.356100 0.983190 0.065873
-3.356100 -0.983190 0.066101
-3.408900 0.126050 0.066126
-3.408900 -0.126050 0.066132
-11.019000 0.126050 0.066549
-3.197500 1.084000 0.066847
-1.929100 -0.025210 0.067590
4.994400 -0.731090 0.068114
-3.038900 -0.781510 0.068196
-2.986100 -0.781510 0.068243
-2.986100 0.781510 0.068249
9.222500 0.075630 0.068474
-3.144600 0.478990 0.068863
9.222500 -0.075630 0.068960
-2.721800 -0.025210 0.069389
-11.178000 -0.025210 0.069394
4.835900 0.983190 0.069422
9.169700 0.983190 0.069713
-3.197500 -1.084000 0.069729
-11.178000 0.025210 0.069776
-2.933200 0.226890 0.070308
-7.055600 -0.932770 0.070789
4.941600 1.134500 0.070954
17.203000 -0.075630 0.071141
4.835900 -1.033600 0.071221
9.169700 -0.983190 0.071353
-10.914000 -0.075630 0.071366
-3.567500 -0.025210 0.071400
17.203000 0.075630 0.071400
-3.144600 -0.478990 0.071749
-7.055600 0.932770 0.072019
-3.567500 0.025210 0.072117
4.624500 -0.075630 0.072451
-3.144600 0.529410 0.072462
-3.831700 -0.025210 0.072524
-3.831700 0.025210 0.072926
-2.933200 -0.226890 0.072983
-3.144600 -0.529410 0.073000
4.624500 0.075630 0.073028
-2.721800 0.025210 0.074050
-3.091800 -0.226890 0.074209
3.884600 0.025210 0.074300
17.097000 -0.126050 0.074332
-15.987000 -0.025210 0.074442
-7.108500 1.033600 0.074539
-15.987000 0.025210 0.074559
-3.091800 0.226890 0.074819
5.100100 0.882350 0.075149
17.097000 0.126050 0.075323
-3.884600 -0.075630 0.075632
5.100100 -0.327730 0.075804
-7.108500 -1.033600 0.075825
-10.914000 0.075630 0.076415
17.045000 -0.126050 0.076480
4.835900 -0.983190 0.076747
3.884600 -0.025210 0.076773
-3.884600 0.075630 0.076787
-2.404700 -0.025210 0.076835
8.905400 1.033600 0.076885
4.677300 -0.075630 0.077181
17.045000 0.126050 0.077315
9.116800 1.084000 0.077472
-3.144600 0.731090 0.077651
8.852600 0.075630 0.077668
8.852600 -0.075630 0.077925
5.153000 1.084000 0.078031
-2.880400 0.731090 0.078102
9.116800 -1.084000 0.078179
-3.303200 -0.075630 0.078370
-2.880400 -0.731090 0.078390
1.242000 -0.428570 0.078413
8.905400 -1.033600 0.078416
-15.036000 0.126050 0.079148
-2.404700 0.025210 0.079150
-6.949900 0.126050 0.079461
-15.036000 -0.126050 0.079603
5.100100 0.277310 0.079634
4.677300 0.075630 0.079639
5.100100 -0.882350 0.080278
-15.089000 0.126050 0.080406
-15.089000 -0.126050 0.080655
4.941600 -1.134500 0.080937
4.941600 0.327730 0.081185
-3.620300 -0.075630 0.081435
-3.356100 -0.126050 0.081706
-7.108500 0.983190 0.081930
-3.303200 0.075630 0.082045
-7.108500 -0.983190 0.082155
-14.930000 0.075630 0.082162
-3.620300 0.075630 0.082275
-3.144600 -0.731090 0.082779
-7.002800 1.033600 0.082936
8.905400 0.983190 0.083487
5.047300 1.134500 0.083534
-3.356100 0.126050 0.083861
-7.002800 -1.033600 0.083908
8.958300 1.084000 0.084048
-14.930000 -0.075630 0.084125
-6.949900 -0.126050 0.084478
8.958300 -1.084000 0.084997
4.941600 -0.327730 0.085636
8.905400 -0.983190 0.085643
-3.197500 0.932770 0.086165
-3.197500 -0.932770 0.086550
9.169700 -0.126050 0.086562
1.400600 1.033600 0.087026
-3.937400 -0.025210 0.087194
-3.937400 0.025210 0.087827
5.153000 -1.084000 0.087952
9.169700 0.126050 0.088263
4.835900 0.126050 0.088440
3.937400 0.025210 0.088660
16.939000 -0.075630 0.089469
16.939000 0.075630 0.089619
4.994400 1.134500 0.089955
-7.002800 -0.983190 0.090777
5.100100 -0.277310 0.090867
4.941600 0.882350 0.091263
-7.002800 0.983190 0.091381
-7.055600 1.033600 0.091496
-1.083400 0.075630 0.091508
3.937400 -0.025210 0.091871
-7.055600 -1.033600 0.092562
5.047300 0.327730 0.092720
-15.195000 0.075630 0.092819
-15.195000 -0.075630 0.093145
-7.214200 0.025210 0.093191
5.047300 -1.134500 0.093821
-3.673200 -0.025210 0.093933
-3.673200 0.025210 0.094071
-3.461800 0.025210 0.094669
-7.214200 -0.025210 0.094749
-3.461800 -0.025210 0.095125
1.189200 -0.075630 0.095452
9.116800 0.932770 0.095628
4.835900 -0.126050 0.096673
-2.827500 1.084000 0.097170
-11.125000 -0.075630 0.098020
-2.827500 -1.084000 0.098094
-2.986100 0.226890 0.098289
-3.038900 0.226890 0.098753
4.941600 -0.882350 0.098887
9.116800 -0.932770 0.099696
-3.038900 -0.226890 0.099822
-7.055600 -0.983190 0.100300
-7.055600 0.983190 0.100550
4.994400 -1.134500 0.101360
4.994400 0.327730 0.101570
4.941600 0.277310 0.101890
5.153000 0.932770 0.101920
-7.108500 0.126050 0.102200
-2.986100 -0.226890 0.102810
8.905400 -0.126050 0.103120
-2.933200 -0.176470 0.103650
8.958300 0.932770 0.103890
-11.125000 0.075630 0.104210
5.205800 0.075630 0.104340
8.905400 0.126050 0.104760
-3.091800 0.680670 0.104790
5.047300 -0.327730 0.105230
4.941600 -0.277310 0.105330
-3.091800 -0.176470 0.106320
5.047300 0.882350 0.106660
-2.933200 0.680670 0.106790
-7.108500 -0.126050 0.106920
5.153000 -0.932770 0.106950
-3.144600 1.134500 0.106960
9.222500 0.025210 0.107060
-1.559100 0.025210 0.107190
9.222500 -0.025210 0.107430
-2.933200 0.176470 0.107740
8.958300 -0.932770 0.108080
-2.880400 -1.134500 0.108510
4.888700 1.084000 0.108610
-3.091800 0.176470 0.109060
-2.880400 1.134500 0.109310
9.011100 1.084000 0.110040
-3.197500 1.033600 0.110340
9.064000 1.084000 0.110580
4.994400 -0.327730 0.110660
-2.933200 -0.680670 0.111110
17.203000 0.025210 0.111130
9.011100 -1.084000 0.111310
-3.144600 -1.134500 0.111440
17.203000 -0.025210 0.111500
9.064000 -1.084000 0.111770
-7.002800 0.126050 0.113560
-3.197500 -1.033600 0.113970
-10.914000 -0.025210 0.114050
4.624500 -0.025210 0.114410
-3.091800 -0.680670 0.114550
4.624500 0.025210 0.114670
4.994400 0.882350 0.114750
5.047300 -0.882350 0.115770
-6.897100 0.075630 0.115910
5.205800 -0.075630 0.116220
5.047300 0.277310 0.116610
-10.914000 0.025210 0.117320
-3.884600 -0.025210 0.117820
-2.933200 0.478990 0.118230
-7.002800 -0.126050 0.118330
-3.884600 0.025210 0.118550
-2.933200 -0.478990 0.120780
-3.197500 0.983190 0.121240
-2.827500 -0.932770 0.122130
8.852600 0.025210 0.122480
8.852600 -0.025210 0.122550
4.677300 -0.025210 0.123100
-3.144600 -0.327730 0.123400
-2.880400 -0.327730 0.123560
-3.197500 -0.983190 0.123670
-2.933200 -0.529410 0.123860
4.888700 -1.084000 0.123950
-2.880400 0.327730 0.124020
4.677300 0.025210 0.124300
-6.897100 -0.075630 0.124400
-2.933200 0.529410 0.124440
4.994400 -0.882350 0.124680
-7.055600 0.126050 0.125170
-2.827500 0.932770 0.125290
-3.303200 -0.025210 0.125310
-3.091800 0.478990 0.125560
-1.083400 -0.075630 0.125650
9.116800 1.033600 0.125940
-3.303200 0.025210 0.127210
4.994400 0.277310 0.127290
-3.144600 0.327730 0.127860
5.047300 -0.277310 0.128140
9.116800 -1.033600 0.128520
5.153000 1.033600 0.128810
-3.620300 -0.025210 0.128960
-3.620300 0.025210 0.129290
-14.930000 0.025210 0.129810
-7.055600 -0.126050 0.130250
-3.091800 -0.478990 0.130640
-14.930000 -0.025210 0.131790
-3.091800 0.529410 0.131910
1.189200 -0.126050 0.132700
-3.091800 -0.529410 0.133330
-2.880400 0.882350 0.135040
-3.144600 0.882350 0.135420
9.011100 0.932770 0.135610
4.994400 -0.277310 0.135700
9.064000 0.932770 0.135990
-2.616100 -0.075630 0.136200
9.116800 0.983190 0.136490
8.958300 1.033600 0.137030
-2.880400 -0.882350 0.137850
-10.967000 -0.075630 0.138310
4.888700 0.932770 0.139650
-3.144600 -0.882350 0.139670
8.958300 -1.033600 0.139850
16.939000 0.025210 0.140000
-3.038900 0.680670 0.140120
-2.669000 -0.075630 0.140200
9.116800 -0.983190 0.140730
16.939000 -0.025210 0.140950
5.153000 -1.033600 0.141680
-3.038900 -0.176470 0.141690
9.011100 -0.932770 0.141970
-2.986100 -0.176470 0.142010
5.153000 0.983190 0.142210
9.064000 -0.932770 0.142730
1.294900 -0.882350 0.142920
-3.091800 0.731090 0.143340
-1.083400 0.025210 0.144120
-2.933200 0.731090 0.144820
1.242000 -0.478990 0.145190
-2.986100 0.680670 0.145250
-15.195000 0.025210 0.145580
-3.038900 0.176470 0.145660
-15.195000 -0.025210 0.146740
-2.933200 -0.731090 0.147070
17.150000 -0.075630 0.147280
-10.967000 0.075630 0.147670
17.150000 0.075630 0.147850
8.958300 0.983190 0.148480
-2.616100 0.075630 0.148880
-2.986100 0.176470 0.150250
-3.197500 0.126050 0.152350
-3.038900 -0.680670 0.152430
-14.983000 0.075630 0.152720
5.153000 -0.983190 0.152830
8.958300 -0.983190 0.152990
4.888700 -0.932770 0.153250
-3.091800 -0.731090 0.153900
-2.986100 -0.680670 0.154290
-14.983000 -0.075630 0.154440
-2.880400 -0.277310 0.154960
-2.880400 0.277310 0.155450
5.100100 1.084000 0.156000
-2.669000 0.075630 0.157550
-11.072000 -0.075630 0.158020
-11.125000 -0.025210 0.158510
1.400600 1.084000 0.158530
-3.144600 -0.277310 0.158700
-3.197500 -0.126050 0.159010
-2.827500 -1.033600 0.159270
-2.827500 1.033600 0.160370
16.992000 -0.075630 0.161600
-11.125000 0.025210 0.161820
-3.144600 0.277310 0.162360
16.992000 0.075630 0.162360
-3.038900 0.478990 0.163800
-2.986100 0.478990 0.165030
-7.161300 0.075630 0.165740
-11.072000 0.075630 0.167840
5.205800 0.025210 0.168220
9.116800 -0.126050 0.168430
-11.019000 -0.075630 0.169610
-7.161300 -0.075630 0.170610
-3.038900 -0.478990 0.171090
-2.986100 -0.478990 0.171390
-15.142000 0.075630 0.171510
-15.142000 -0.075630 0.171720
-3.038900 0.529410 0.172750
-2.827500 -0.983190 0.173300
9.116800 0.126050 0.173840
-2.986100 0.529410 0.174000
5.100100 -1.084000 0.174110
-3.038900 -0.529410 0.174200
5.205800 -0.025210 0.174600
-2.986100 -0.529410 0.175010
-2.827500 0.983190 0.176150
1.083400 0.226890 0.176860
4.888700 1.033600 0.178450
9.011100 1.033600 0.178940
9.064000 1.033600 0.179690
5.153000 0.126050 0.180380
-11.019000 0.075630 0.180910
8.958300 -0.126050 0.182890
9.011100 -1.033600 0.183240
9.064000 -1.033600 0.183950
-6.897100 0.025210 0.184470
-3.408900 -0.075630 0.184850
-3.408900 0.075630 0.185020
8.958300 0.126050 0.187620
-6.897100 -0.025210 0.189340
4.941600 1.084000 0.190340
5.153000 -0.126050 0.192000
-3.038900 0.731090 0.192440
9.011100 0.983190 0.193940
9.064000 0.983190 0.194490
4.888700 0.983190 0.195900
-2.986100 0.731090 0.198620
5.100100 0.932770 0.200120
-2.933200 1.134500 0.200560
-2.933200 -1.134500 0.200730
9.011100 -0.983190 0.200770
-3.091800 1.134500 0.200890
4.888700 -1.033600 0.201210
9.064000 -0.983190 0.201510
-3.038900 -0.731090 0.203500
-2.986100 -0.731090 0.205670
-3.091800 -1.134500 0.206220
17.097000 -0.075630 0.207170
17.097000 0.075630 0.208570
17.045000 -0.075630 0.213110
17.045000 0.075630 0.214400
4.941600 -1.084000 0.214420
5.100100 -0.932770 0.215520
-2.827500 0.126050 0.217280
-6.949900 0.075630 0.217910
4.888700 -0.983190 0.218090
-15.036000 0.075630 0.219360
-15.036000 -0.075630 0.220270
-2.616100 -0.025210 0.221940
-10.967000 -0.025210 0.222210
-2.827500 -0.126050 0.222490
-15.089000 0.075630 0.222590
-15.089000 -0.075630 0.223120
5.047300 1.084000 0.223430
-6.949900 -0.075630 0.226660
-10.967000 0.025210 0.227130
-2.933200 -0.327730 0.227710
-3.091800 -0.327730 0.228830
-2.616100 0.025210 0.229050
-3.356100 -0.075630 0.230120
17.150000 0.025210 0.230480
17.150000 -0.025210 0.230720
-2.933200 0.327730 0.230760
-2.669000 -0.025210 0.231000
-3.356100 0.075630 0.232500
-3.091800 0.327730 0.237450
9.011100 -0.126050 0.238620
9.064000 -0.126050 0.239420
9.169700 -0.075630 0.240160
-2.669000 0.025210 0.240340
-14.983000 0.025210 0.240410
4.994400 1.084000 0.240720
-14.983000 -0.025210 0.242090
4.941600 0.932770 0.242660
9.169700 0.075630 0.242830
-2.933200 0.882350 0.246610
9.011100 0.126050 0.246760
4.835900 0.075630 0.247510
-3.091800 0.882350 0.247890
9.064000 0.126050 0.248020
5.047300 -1.084000 0.249010
4.888700 0.126050 0.253190
-11.072000 -0.025210 0.254010
16.992000 0.025210 0.254090
16.992000 -0.025210 0.254190
-2.933200 -0.882350 0.255870
5.100100 1.033600 0.256240
4.835900 -0.075630 0.257980
-11.072000 0.025210 0.260140
-7.161300 0.025210 0.260400
-3.091800 -0.882350 0.262270
-7.161300 -0.025210 0.262960
4.888700 -0.126050 0.265300
4.941600 -0.932770 0.266260
4.994400 -1.084000 0.269170
-15.142000 0.025210 0.269410
-15.142000 -0.025210 0.270130
-3.038900 1.134500 0.270930
-11.019000 -0.025210 0.272440
-3.038900 -1.134500 0.276130
-2.986100 1.134500 0.276390
-11.019000 0.025210 0.278600
-7.108500 0.075630 0.280200
-2.986100 -1.134500 0.280360
5.100100 0.983190 0.281200
5.100100 -1.033600 0.282670
5.047300 0.932770 0.284910
-7.108500 -0.075630 0.287010
-3.144600 1.084000 0.287500
-2.933200 0.277310 0.287990
8.905400 -0.075630 0.289160
-2.933200 -0.277310 0.290020
-3.408900 -0.025210 0.291040
-3.408900 0.025210 0.291060
8.905400 0.075630 0.291620
-2.880400 -1.084000 0.291660
-2.880400 1.084000 0.292340
-3.091800 -0.277310 0.293980
-3.144600 -1.084000 0.299270
-3.091800 0.277310 0.300720
-3.038900 -0.327730 0.305510
5.100100 -0.983190 0.306300
4.994400 0.932770 0.306550
5.047300 -0.932770 0.310180
-7.002800 0.075630 0.310540
4.941600 1.033600 0.312040
-2.986100 -0.327730 0.313980
-3.038900 0.327730 0.315340
-2.986100 0.327730 0.318770
-7.002800 -0.075630 0.319240
17.097000 -0.025210 0.325650
17.097000 0.025210 0.326340
-3.038900 0.882350 0.332020
4.994400 -0.932770 0.334930
17.045000 -0.025210 0.335410
17.045000 0.025210 0.336090
0.977750 0.428570 0.338270
-2.986100 0.882350 0.341310
4.941600 0.983190 0.341900
-7.055600 0.075630 0.342960
-6.949900 0.025210 0.343650
-15.036000 0.025210 0.344220
-15.036000 -0.025210 0.345080
4.941600 -1.033600 0.348600
-6.949900 -0.025210 0.348990
-15.089000 0.025210 0.349780
-15.089000 -0.025210 0.350020
-7.055600 -0.075630 0.350970
-3.038900 -0.882350 0.351510
-2.986100 -0.882350 0.356170
5.100100 0.126050 0.362630
-3.356100 -0.025210 0.362980
-3.356100 0.025210 0.364630
-3.144600 0.932770 0.364820
-2.880400 0.932770 0.365170
5.047300 1.033600 0.366470
-2.880400 -0.932770 0.369840
5.100100 -0.126050 0.372910
9.169700 -0.025210 0.377890
-3.144600 -0.932770 0.378130
4.941600 -0.983190 0.378630
9.169700 0.025210 0.379080
1.294900 -0.932770 0.387290
4.835900 0.025210 0.392390
-3.038900 -0.277310 0.393520
4.994400 1.033600 0.394760
0.924900 0.529410 0.395920
-3.038900 0.277310 0.397430
4.835900 -0.025210 0.397720
-2.986100 0.277310 0.401170
5.047300 0.983190 0.401670
-2.986100 -0.277310 0.402720
5.047300 -1.033600 0.405100
-3.197500 0.075630 0.429720
4.994400 0.983190 0.432060
4.994400 -1.033600 0.437760
-3.197500 -0.075630 0.438150
-7.108500 0.025210 0.440080
5.047300 -0.983190 0.440360
4.941600 0.126050 0.442650
-7.108500 -0.025210 0.443610
4.941600 -0.126050 0.455950
8.905400 -0.025210 0.456170
8.905400 0.025210 0.457450
9.116800 -0.075630 0.470860
-3.144600 1.033600 0.472200
4.994400 -0.983190 0.475460
-2.880400 1.033600 0.477180
-2.880400 -1.033600 0.477960
9.116800 0.075630 0.478530
-7.002800 0.025210 0.488190
-3.144600 -1.033600 0.490680
-7.002800 -0.025210 0.493200
5.153000 0.075630 0.500690
8.958300 -0.075630 0.513290
-3.144600 0.983190 0.516340
-2.880400 0.983190 0.519440
5.153000 -0.075630 0.519520
5.047300 0.126050 0.520330
8.958300 0.075630 0.520780
-2.880400 -0.983190 0.522650
5.047300 -0.126050 0.529340
-2.933200 1.084000 0.535200
-3.144600 -0.983190 0.536140
-3.091800 1.084000 0.537590
-7.055600 0.025210 0.538350
-2.933200 -1.084000 0.539440
-7.055600 -0.025210 0.543100
-3.091800 -1.084000 0.555600
4.994400 0.126050 0.558910
4.994400 -0.126050 0.570630
-1.083400 -0.025210 0.580580
1.136300 0.025210 0.584950
-2.827500 0.075630 0.603440
-2.827500 -0.075630 0.610430
-2.880400 -0.126050 0.645180
-2.880400 0.126050 0.653960
-3.144600 0.126050 0.664420
-2.933200 0.932770 0.669370
9.011100 -0.075630 0.670400
-3.144600 -0.126050 0.671350
9.064000 -0.075630 0.672010
-3.091800 0.932770 0.672300
-3.197500 0.025210 0.680270
9.011100 0.075630 0.682190
-3.197500 -0.025210 0.684520
9.064000 0.075630 0.684980
-2.933200 -0.932770 0.686600
4.888700 0.075630 0.704760
-3.091800 -0.932770 0.707390
4.888700 -0.075630 0.721170
-3.038900 1.084000 0.726140
-2.986100 1.084000 0.740450
9.116800 -0.025210 0.742930
-3.038900 -1.084000 0.744190
9.116800 0.025210 0.747370
-2.986100 -1.084000 0.755790
5.153000 0.025210 0.792780
5.153000 -0.025210 0.803450
8.958300 -0.025210 0.811240
8.958300 0.025210 0.815140
-2.933200 1.033600 0.873510
-3.091800 1.033600 0.878570
-2.933200 -1.033600 0.886560
-3.038900 0.932770 0.905070
-3.091800 -1.033600 0.913440
-2.986100 0.932770 0.928370
-3.038900 -0.932770 0.946740
-2.827500 0.025210 0.948680
-2.933200 0.983190 0.951110
-2.827500 -0.025210 0.953530
-3.091800 0.983190 0.956370
-2.986100 -0.932770 0.959100
-2.933200 -0.983190 0.970060
-3.091800 -0.983190 0.999910
5.100100 0.075630 1.003600
5.100100 -0.075630 1.022000
9.011100 -0.025210 1.059800
9.064000 -0.025210 1.062600
9.011100 0.025210 1.066800
9.064000 0.025210 1.069700
4.888700 0.025210 1.111100
4.888700 -0.025210 1.120300
-3.038900 1.033600 1.185500
-2.933200 -0.126050 1.189400
-2.933200 0.126050 1.206100
-2.986100 1.033600 1.212100
-3.038900 -1.033600 1.224000
4.941600 0.075630 1.227400
-3.091800 -0.126050 1.228100
-3.091800 0.126050 1.238400
-2.986100 -1.033600 1.240000
4.941600 -0.075630 1.247600
-3.038900 0.983190 1.289200
-2.986100 0.983190 1.320900
-3.038900 -0.983190 1.339300
-2.986100 -0.983190 1.356000
5.047300 0.075630 1.437200
5.047300 -0.075630 1.454600
4.994400 0.075630 1.547100
4.994400 -0.075630 1.567700
5.100100 0.025210 1.579900
5.100100 -0.025210 1.591200
-3.038900 -0.126050 1.633400
-3.038900 0.126050 1.658800
-2.986100 -0.126050 1.662800
-2.986100 0.126050 1.679900
-2.880400 -0.075630 1.793300
-2.880400 0.075630 1.806200
-3.144600 0.075630 1.853700
-3.144600 -0.075630 1.862500
4.941600 0.025210 1.933200
4.941600 -0.025210 1.944800
5.047300 0.025210 2.260700
5.047300 -0.025210 2.270400
4.994400 0.025210 2.433600
4.994400 -0.025210 2.445600
-2.880400 -0.025210 2.821000
-2.880400 0.025210 2.828500
-3.144600 0.025210 2.918000
-3.144600 -0.025210 2.923000
-2.933200 -0.075630 3.316000
-2.933200 0.075630 3.335300
-3.091800 -0.075630 3.423400
-3.091800 0.075630 3.440700
-3.038900 -0.075630 4.567300
-3.038900 0.075630 4.601700
-2.986100 -0.075630 4.642600
-2.986100 0.075630 4.662000
-2.933200 -0.025210 5.216700
-2.933200 0.025210 5.225600
-3.091800 -0.025210 5.391900
-3.091800 0.025210 5.399600
1.136300 0.075630 6.413500
-3.038900 -0.025210 7.196500
-3.038900 0.025210 7.218900
-2.986100 -0.025210 7.309700
-2.986100 0.025210 7.315300
