-20	0.0004465
-19.952	0.00049651
-19.905	0.00053034
-19.857	0.00055172
-19.809	0.00055002
-19.762	0.00052694
-19.714	0.00048398
-19.666	0.00041748
-19.619	0.00033827
-19.571	0.00024698
-19.523	0.00015542
-19.476	7.5841e-05
-19.428	2.2133e-05
-19.38	1.0792e-05
-19.333	6.1801e-05
-19.285	0.00019413
-19.237	0.00042873
-19.19	0.00078799
-19.142	0.0012863
-19.094	0.001957
-19.046	0.0027806
-18.999	0.0038052
-18.951	0.0050396
-18.903	0.006396
-18.856	0.00803
-18.808	0.0097587
-18.76	0.011596
-18.713	0.013684
-18.665	0.015695
-18.617	0.017857
-18.57	0.019977
-18.522	0.021959
-18.474	0.023995
-18.427	0.025678
-18.379	0.027269
-18.331	0.028632
-18.284	0.029514
-18.236	0.030278
-18.188	0.030494
-18.141	0.030384
-18.093	0.03
-18.045	0.029025
-17.998	0.027902
-17.95	0.026343
-17.902	0.024461
-17.855	0.022498
-17.807	0.02017
-17.759	0.017859
-17.712	0.015426
-17.664	0.012981
-17.616	0.01071
-17.569	0.008483
-17.521	0.0064975
-17.473	0.0047383
-17.426	0.0032132
-17.378	0.0020143
-17.33	0.0010933
-17.282	0.00047276
-17.235	0.00015429
-17.187	9.6951e-05
-17.139	0.00027824
-17.092	0.00065628
-17.044	0.001193
-16.996	0.0018442
-16.949	0.0025504
-16.901	0.0032678
-16.853	0.0039919
-16.806	0.0046154
-16.758	0.005187
-16.71	0.0056339
-16.663	0.0059327
-16.615	0.0061476
-16.567	0.0061919
-16.52	0.0061332
-16.472	0.0059846
-16.424	0.0057156
-16.377	0.0054268
-16.329	0.0050709
-16.281	0.0046967
-16.234	0.004362
-16.186	0.0040097
-16.138	0.0037219
-16.091	0.003473
-16.043	0.0032601
-15.995	0.0031233
-15.948	0.0030038
-15.9	0.0029274
-15.852	0.0028774
-15.805	0.0028136
-15.757	0.0027646
-15.709	0.0026843
-15.662	0.0025673
-15.614	0.0024268
-15.566	0.0022303
-15.518	0.0020019
-15.471	0.0017379
-15.423	0.0014466
-15.375	0.0011554
-15.328	0.00086275
-15.28	0.00060418
-15.232	0.00039378
-15.185	0.00024824
-15.137	0.00019099
-15.089	0.00023413
-15.042	0.00038372
-14.994	0.00065728
-14.946	0.0010414
-14.899	0.0015364
-14.851	0.0021365
-14.803	0.0027981
-14.756	0.0035442
-14.708	0.0043111
-14.66	0.0050754
-14.613	0.0058558
-14.565	0.0065421
-14.517	0.0071912
-14.47	0.0077439
-14.422	0.0081387
-14.374	0.0084677
-14.327	0.0086006
-14.279	0.0086186
-14.231	0.0085186
-14.184	0.0082296
-14.136	0.0078943
-14.088	0.007407
-14.041	0.0068419
-13.993	0.0062512
-13.945	0.0055601
-13.897	0.0049022
-13.85	0.004222
-13.802	0.0035495
-13.754	0.0029452
-13.707	0.0023524
-13.659	0.0018376
-13.611	0.0013833
-13.564	0.00099253
-13.516	0.0006777
-13.468	0.00042231
-13.421	0.00023444
-13.373	0.00010506
-13.325	2.7777e-05
-13.278	8.9557e-07
-13.23	1.5993e-05
-13.182	6.9486e-05
-13.135	0.00015549
-13.087	0.0002716
-13.039	0.00041268
-12.992	0.00057985
-12.944	0.00076323
-12.896	0.00097083
-12.849	0.0011936
-12.801	0.0014248
-12.753	0.0016793
-12.706	0.0019298
-12.658	0.0021899
-12.61	0.0024478
-12.563	0.0026885
-12.515	0.0029355
-12.467	0.0031468
-12.42	0.0033364
-12.372	0.0035088
-12.324	0.0036203
-12.277	0.0037193
-12.229	0.003768
-12.181	0.0037598
-12.133	0.0037374
-12.086	0.0036461
-12.038	0.0035271
-11.99	0.0033789
-11.943	0.0031786
-11.895	0.0029771
-11.847	0.0027399
-11.8	0.0024917
-11.752	0.0022455
-11.704	0.0019812
-11.657	0.0017311
-11.609	0.0014891
-11.561	0.0012547
-11.514	0.0010426
-11.466	0.0008445
-11.418	0.00067046
-11.371	0.00051577
-11.323	0.00038288
-11.275	0.0002767
-11.228	0.00018992
-11.18	0.00012526
-11.132	8.177e-05
-11.085	5.645e-05
-11.037	4.8777e-05
-10.989	5.6278e-05
-10.942	7.5697e-05
-10.894	0.00010636
-10.846	0.00014284
-10.799	0.00018294
-10.751	0.00022425
-10.703	0.00026022
-10.656	0.00029202
-10.608	0.00031322
-10.56	0.0003223
-10.513	0.00031967
-10.465	0.00030088
-10.417	0.00027099
-10.369	0.00022822
-10.322	0.00017813
-10.274	0.00012472
-10.226	7.2853e-05
-10.179	3.0905e-05
-10.131	5.2529e-06
-10.083	3.405e-06
-10.036	3.2359e-05
-9.9881	9.8407e-05
-9.9404	0.00020376
-9.8927	0.00035644
-9.8451	0.00054676
-9.7974	0.00077587
-9.7497	0.0010378
-9.702	0.0013087
-9.6544	0.0015984
-9.6067	0.0018666
-9.559	0.0021027
-9.5113	0.0023035
-9.4636	0.0024178
-9.416	0.0024673
-9.3683	0.0024167
-9.3206	0.002261
-9.2729	0.0020244
-9.2253	0.0016829
-9.1776	0.0012969
-9.1299	0.00088389
-9.0822	0.00048972
-9.0346	0.0001829
-8.9869	2.7465e-05
-8.9392	0.00010677
-8.8915	0.00051293
-8.8439	0.0013276
-8.7962	0.0026591
-8.7485	0.0046308
-8.7008	0.0072286
-8.6532	0.010681
-8.6055	0.014863
-8.5578	0.019879
-8.5101	0.025913
-8.4625	0.032553
-8.4148	0.040202
-8.3671	0.048507
-8.3194	0.057259
-8.2718	0.066814
-8.2241	0.076193
-8.1764	0.086115
-8.1287	0.095805
-8.081	0.10466
-8.0334	0.11368
-7.9857	0.12104
-7.938	0.12776
-7.8903	0.13351
-7.8427	0.13682
-7.795	0.13965
-7.7473	0.14019
-7.6996	0.13881
-7.652	0.13653
-7.6043	0.13144
-7.5566	0.12556
-7.5089	0.1181
-7.4613	0.10893
-7.4136	0.099539
-7.3659	0.088673
-7.3182	0.077721
-7.2706	0.066753
-7.2229	0.055467
-7.1752	0.045125
-7.1275	0.035219
-7.0799	0.026273
-7.0322	0.018561
-6.9845	0.012019
-6.9368	0.0070225
-6.8892	0.0034356
-6.8415	0.0012928
-6.7938	0.00052232
-6.7461	0.0010178
-6.6985	0.0026054
-6.6508	0.0051685
-6.6031	0.008394
-6.5554	0.012141
-6.5077	0.016254
-6.4601	0.020239
-6.4124	0.024232
-6.3647	0.027733
-6.317	0.03081
-6.2694	0.03336
-6.2217	0.035042
-6.174	0.036287
-6.1263	0.036637
-6.0787	0.036371
-6.031	0.035695
-5.9833	0.034267
-5.9356	0.032719
-5.888	0.030858
-5.8403	0.028794
-5.7926	0.026948
-5.7449	0.025005
-5.6973	0.023327
-5.6496	0.021931
-5.6019	0.020661
-5.5542	0.019798
-5.5066	0.019069
-5.4589	0.018529
-5.4112	0.018198
-5.3635	0.01777
-5.3159	0.017424
-5.2682	0.016914
-5.2205	0.01618
-5.1728	0.015336
-5.1251	0.014119
-5.0775	0.012714
-5.0298	0.011117
-4.9821	0.0092911
-4.9344	0.0074774
-4.8868	0.0056662
-4.8391	0.0040355
-4.7914	0.0027256
-4.7437	0.0018844
-4.6961	0.0016625
-4.6484	0.002181
-4.6007	0.0035122
-4.553	0.0057875
-4.5054	0.0090001
-4.4577	0.013102
-4.41	0.018211
-4.3623	0.023988
-4.3147	0.030557
-4.267	0.037598
-4.2193	0.044872
-4.1716	0.052397
-4.124	0.059352
-4.0763	0.066321
-4.0286	0.071782
-3.9809	0.077756
-3.9333	0.082932
-3.8856	0.084691
-3.8379	0.084989
-3.7902	0.088206
-3.7426	0.084499
-3.6949	0.080243
-3.6472	0.080743
-3.5995	0.072682
-3.5518	0.069493
-3.5042	0.060148
-3.4565	0.054236
-3.4088	0.045725
-3.3611	0.039458
-3.3135	0.031682
-3.2658	0.023698
-3.2181	0.017999
-3.1704	0.014762
-3.1228	0.011318
-3.0751	0.006521
-3.0274	0.0022643
-2.9797	0.00042234
-2.9321	9.4805e-06
-2.8844	0.00020505
-2.8367	0.0010922
-2.789	0.00407
-2.7414	0.010394
-2.6937	0.018466
-2.646	0.020421
-2.5983	0.020241
-2.5507	0.010895
-2.503	0.0036475
-2.4553	0.0017104
-2.4076	0.0016598
-2.36	0.0011296
-2.3123	0.00089184
-2.2646	0.00082566
-2.2169	0.00079417
-2.1692	0.00078289
-2.1216	0.00079431
-2.0739	0.00083776
-2.0262	0.0010415
-1.9785	0.0016698
-1.9309	0.0017895
-1.8832	0.0025656
-1.8355	0.015651
-1.7878	0.043304
-1.7402	0.026472
-1.6925	0.018611
-1.6448	0.02246
-1.5971	0.010775
-1.5495	0.019838
-1.5018	0.010862
-1.4541	0.00719
-1.4064	0.017596
-1.3588	0.0052686
-1.3111	0.0015984
-1.2634	0.020459
-1.2157	0.010182
-1.1681	0.0013697
-1.1204	0.002823
-1.0727	0.0010902
-1.025	0.0086105
-0.97735	0.012863
-0.92968	0.00091361
-0.882	0.011224
-0.83433	0.00038589
-0.78665	0.00015103
-0.73897	0.00011004
-0.6913	8.3698e-05
-0.64362	0.00018626
-0.59595	0.00023311
-0.54827	0.00011251
-0.5006	4.9182e-05
-0.45292	5.6811e-05
-0.40524	0.00018583
-0.35757	0.00020729
-0.30989	0.00014271
-0.26222	0.0001095
-0.21454	0.00013776
-0.16687	0.00015119
-0.11919	0.0011979
-0.071514	0.00017262
-0.023838	0.00045239
0.023838	0.00020963
0.071514	0.00025329
0.11919	0.00039096
0.16687	0.00033114
0.21454	0.00037838
0.26222	0.004194
0.30989	0.0025716
0.35757	0.001291
0.40524	0.0011484
0.45292	0.0089638
0.5006	0.0028995
0.54827	0.0028233
0.59595	0.0022976
0.64362	0.014288
0.6913	0.00058448
0.73897	0.00049974
0.78665	0.001654
0.83433	3.4898e-05
0.882	1.6312e-05
0.92968	0.00036456
0.97735	0.0033123
1.025	0.0014619
1.0727	0.0027159
1.1204	0.0055568
1.1681	0.009725
1.2157	0.12248
1.2634	0.10553
1.3111	0.16646
1.3588	0.38925
1.4064	0.11757
1.4541	0.0082888
1.5018	0.0036053
1.5495	0.0022469
1.5971	0.0018226
1.6448	0.0017437
1.6925	0.0017914
1.7402	0.0019693
1.7878	0.002255
1.8355	0.0025812
1.8832	0.0030251
1.9309	0.0036816
1.9785	0.0042144
2.0262	0.00495
2.0739	0.0056965
2.1216	0.0065101
2.1692	0.0075979
2.2169	0.0090108
2.2646	0.011477
2.3123	0.016059
2.36	0.021399
2.4076	0.040834
2.4553	0.052745
2.503	0.076051
2.5507	0.17284
2.5983	0.14873
2.646	0.29923
2.6937	0.37927
2.7414	0.47005
2.789	0.58449
2.8367	0.62258
2.8844	0.92325
2.9321	0.60692
2.9797	0.91271
3.0274	0.62057
3.0751	0.48455
3.1228	0.45813
3.1704	0.26179
3.2181	0.23009
3.2658	0.15938
3.3135	0.11229
3.3611	0.08859
3.4088	0.063574
3.4565	0.035919
3.5042	0.022346
3.5518	0.0083565
3.5995	0.0018177
3.6472	0.00015843
3.6949	0.0025744
3.7426	0.0077138
3.7902	0.014743
3.8379	0.024531
3.8856	0.032639
3.9333	0.042609
3.9809	0.050202
4.0286	0.058966
4.0763	0.063921
4.124	0.067178
4.1716	0.069873
4.2193	0.070179
4.267	0.069318
4.3147	0.0671
4.3623	0.063667
4.41	0.059858
4.4577	0.055296
4.5054	0.050737
4.553	0.046333
4.6007	0.041931
4.6484	0.038287
4.6961	0.034925
4.7437	0.032126
4.7914	0.029991
4.8391	0.028045
4.8868	0.026682
4.9344	0.025495
4.9821	0.024328
5.0298	0.02337
5.0775	0.022136
5.1251	0.020808
5.1728	0.019321
5.2205	0.017476
5.2682	0.01554
5.3159	0.013359
5.3635	0.011133
5.4112	0.008913
5.4589	0.0067846
5.5066	0.0049441
5.5542	0.0034127
5.6019	0.0023199
5.6496	0.0017546
5.6973	0.0017367
5.7449	0.0023096
5.7926	0.003475
5.8403	0.0051604
5.888	0.0073542
5.9356	0.0099465
5.9833	0.012819
6.031	0.015926
6.0787	0.018965
6.1263	0.021998
6.174	0.024873
6.2217	0.027276
6.2694	0.029509
6.317	0.031119
6.3647	0.032222
6.4124	0.032935
6.4601	0.032865
6.5077	0.032493
6.5554	0.031508
6.6031	0.030049
6.6508	0.028402
6.6985	0.026226
6.7461	0.023994
6.7938	0.021614
6.8415	0.019043
6.8892	0.016653
6.9368	0.014209
6.9845	0.011893
7.0322	0.009793
7.0799	0.0078032
7.1275	0.006103
7.1752	0.0046092
7.2229	0.0033418
7.2706	0.0023173
7.3182	0.0014959
7.3659	0.00089003
7.4136	0.00046369
7.4613	0.00020706
7.5089	9.8388e-05
7.5566	0.000116
7.6043	0.00024063
7.652	0.00045574
7.6996	0.00074484
7.7473	0.001086
7.795	0.0014746
7.8427	0.0018804
7.8903	0.0023183
7.938	0.0027496
7.9857	0.0031808
8.0334	0.0036143
8.081	0.0039991
8.1287	0.0043891
8.1764	0.0047301
8.2241	0.0050232
8.2718	0.0053042
8.3194	0.0054934
8.3671	0.0056634
8.4148	0.005776
8.4625	0.0058052
8.5101	0.0058313
8.5578	0.0057567
8.6055	0.0056496
8.6532	0.0055109
8.7008	0.0052813
8.7485	0.005059
8.7962	0.0047707
8.8439	0.004451
8.8915	0.0041341
8.9392	0.0037652
8.9869	0.0034098
9.0346	0.0030461
9.0822	0.0026721
9.1299	0.0023272
9.1776	0.0019816
9.2253	0.0016638
9.2729	0.0013696
9.3206	0.0011004
9.3683	0.00087117
9.416	0.00066994
9.4636	0.00050471
9.5113	0.00037363
9.559	0.00027118
9.6067	0.00020021
9.6544	0.00015321
9.702	0.0001267
9.7497	0.00011789
9.7974	0.00011999
9.8451	0.00012927
9.8927	0.00014195
9.9404	0.00015261
9.9881	0.00016007
10.036	0.00016085
10.083	0.00015392
10.131	0.00014059
10.179	0.00011968
10.226	9.4792e-05
10.274	6.754e-05
10.322	4.1075e-05
10.369	2.0025e-05
10.417	6.466e-06
10.465	4.9731e-06
10.513	1.7985e-05
10.56	4.8651e-05
10.608	9.7468e-05
10.656	0.00016653
10.703	0.00025287
10.751	0.00035826
10.799	0.00047713
10.846	0.00060708
10.894	0.00074614
10.942	0.00088338
10.989	0.001019
11.037	0.0011428
11.085	0.0012503
11.132	0.0013431
11.18	0.0013983
11.228	0.0014331
11.275	0.0014325
11.323	0.0013908
11.371	0.0013258
11.418	0.0012174
11.466	0.0010825
11.514	0.00092915
11.561	0.00074923
11.609	0.00057182
11.657	0.00039733
11.704	0.0002399
11.752	0.00012107
11.8	5.4793e-05
11.847	6.1476e-05
11.895	0.00016058
11.943	0.00037117
11.99	0.00071875
12.038	0.00121
12.086	0.0018813
12.133	0.0027313
12.181	0.0037474
12.229	0.0050175
12.277	0.0064484
12.324	0.0080601
12.372	0.0099257
12.42	0.01188
12.467	0.013988
12.515	0.016271
12.563	0.018509
12.61	0.020903
12.658	0.023145
12.706	0.025333
12.753	0.02751
12.801	0.029292
12.849	0.031004
12.896	0.032364
12.944	0.033288
12.992	0.034081
13.039	0.034213
13.087	0.034076
13.135	0.033605
13.182	0.032488
13.23	0.031243
13.278	0.029508
13.325	0.027461
13.373	0.02526
13.421	0.022688
13.468	0.02017
13.516	0.017518
13.564	0.014843
13.611	0.012343
13.659	0.0098761
13.707	0.0076753
13.754	0.005684
13.802	0.0039911
13.85	0.0026158
13.897	0.0015309
13.945	0.00079086
13.993	0.00034294
14.041	0.00018346
14.088	0.00027741
14.136	0.00058721
14.184	0.0010574
14.231	0.0016621
14.279	0.0023319
14.327	0.0030243
14.374	0.0037335
14.422	0.0043434
14.47	0.0048997
14.517	0.005351
14.565	0.0056573
14.613	0.0058753
14.66	0.0059249
14.708	0.0058871
14.756	0.0057452
14.803	0.0054909
14.851	0.0052173
14.899	0.0048655
14.946	0.0045061
14.994	0.0041671
15.042	0.0038097
15.089	0.0035227
15.137	0.003258
15.185	0.0030304
15.232	0.0028709
15.28	0.0027293
15.328	0.0026308
15.375	0.0025567
15.423	0.0024785
15.471	0.0024169
15.518	0.0023289
15.566	0.0022204
15.614	0.0020955
15.662	0.0019194
15.709	0.0017304
15.757	0.0015069
15.805	0.001263
15.852	0.0010219
15.9	0.00077637
15.948	0.0005559
15.995	0.00037152
16.043	0.00023489
16.091	0.00016388
16.138	0.00016613
16.186	0.0002503
16.234	0.00042167
16.281	0.00067014
16.329	0.0010067
16.377	0.0014151
16.424	0.0018697
16.472	0.0023822
16.52	0.0029084
16.567	0.0034404
16.615	0.0039723
16.663	0.0044423
16.71	0.0049007
16.758	0.0052621
16.806	0.0055445
16.853	0.0057715
16.901	0.0058564
16.949	0.0058812
16.996	0.0058109
17.044	0.0056213
17.092	0.0053929
17.139	0.005065
17.187	0.0046895
17.235	0.0042784
17.282	0.0038226
17.33	0.0033681
17.378	0.0029033
17.426	0.002451
17.473	0.0020305
17.521	0.0016265
17.569	0.001273
17.616	0.00095664
17.664	0.00068443
17.712	0.00046535
17.759	0.00028445
17.807	0.0001553
17.855	6.6679e-05
17.902	1.6355e-05
17.95	1.2776e-06
17.998	1.6415e-05
18.045	5.7323e-05
18.093	0.00012044
18.141	0.0002002
18.188	0.00029387
18.236	0.00039999
18.284	0.00050723
18.331	0.00062342
18.379	0.00073922
18.427	0.00084964
18.474	0.000963
18.522	0.0010606
18.57	0.001156
18.617	0.0012409
18.665	0.0013074
18.713	0.0013713
18.76	0.0014102
18.808	0.0014395
18.856	0.0014543
18.903	0.0014443
18.951	0.00143
18.999	0.0013934
19.046	0.0013429
19.094	0.0012876
19.142	0.0012108
19.19	0.0011331
19.237	0.0010466
19.285	0.00095208
19.333	0.00086118
19.38	0.00076303
19.428	0.00066987
19.476	0.00058169
19.523	0.00049326
19.571	0.00041498
19.619	0.0003411
19.666	0.00027509
19.714	0.0002184
19.762	0.00016756
19.809	0.00012618
19.857	9.18e-05
19.905	6.3912e-05
19.952	4.3534e-05
20	2.84e-05
