      20.000    0.0004465
      19.952    0.0004965
      19.905    0.0005303
      19.857    0.0005517
      19.809    0.0005500
      19.762    0.0005269
      19.714    0.0004840
      19.666    0.0004175
      19.619    0.0003383
      19.571    0.0002470
      19.523    0.0001554
      19.476    0.0000758
      19.428    0.0000221
      19.380    0.0000108
      19.333    0.0000618
      19.285    0.0001941
      19.237    0.0004287
      19.190    0.0007880
      19.142    0.0012863
      19.094    0.0019570
      19.046    0.0027806
      18.999    0.0038052
      18.951    0.0050396
      18.903    0.0063960
      18.856    0.0080300
      18.808    0.0097587
      18.760    0.0115960
      18.713    0.0136840
      18.665    0.0156950
      18.617    0.0178570
      18.570    0.0199770
      18.522    0.0219590
      18.474    0.0239950
      18.427    0.0256780
      18.379    0.0272690
      18.331    0.0286320
      18.284    0.0295140
      18.236    0.0302780
      18.188    0.0304940
      18.141    0.0303840
      18.093    0.0300000
      18.045    0.0290250
      17.998    0.0279020
      17.950    0.0263430
      17.902    0.0244610
      17.855    0.0224980
      17.807    0.0201700
      17.759    0.0178590
      17.712    0.0154260
      17.664    0.0129810
      17.616    0.0107100
      17.569    0.0084830
      17.521    0.0064975
      17.473    0.0047383
      17.426    0.0032132
      17.378    0.0020143
      17.330    0.0010933
      17.282    0.0004728
      17.235    0.0001543
      17.187    0.0000970
      17.139    0.0002782
      17.092    0.0006563
      17.044    0.0011930
      16.996    0.0018442
      16.949    0.0025504
      16.901    0.0032678
      16.853    0.0039919
      16.806    0.0046154
      16.758    0.0051870
      16.710    0.0056339
      16.663    0.0059327
      16.615    0.0061476
      16.567    0.0061919
      16.520    0.0061332
      16.472    0.0059846
      16.424    0.0057156
      16.377    0.0054268
      16.329    0.0050709
      16.281    0.0046967
      16.234    0.0043620
      16.186    0.0040097
      16.138    0.0037219
      16.091    0.0034730
      16.043    0.0032601
      15.995    0.0031233
      15.948    0.0030038
      15.900    0.0029274
      15.852    0.0028774
      15.805    0.0028136
      15.757    0.0027646
      15.709    0.0026843
      15.662    0.0025673
      15.614    0.0024268
      15.566    0.0022303
      15.518    0.0020019
      15.471    0.0017379
      15.423    0.0014466
      15.375    0.0011554
      15.328    0.0008628
      15.280    0.0006042
      15.232    0.0003938
      15.185    0.0002482
      15.137    0.0001910
      15.089    0.0002341
      15.042    0.0003837
      14.994    0.0006573
      14.946    0.0010414
      14.899    0.0015364
      14.851    0.0021365
      14.803    0.0027981
      14.756    0.0035442
      14.708    0.0043111
      14.660    0.0050754
      14.613    0.0058558
      14.565    0.0065421
      14.517    0.0071912
      14.470    0.0077439
      14.422    0.0081387
      14.374    0.0084677
      14.327    0.0086006
      14.279    0.0086186
      14.231    0.0085186
      14.184    0.0082296
      14.136    0.0078943
      14.088    0.0074070
      14.041    0.0068419
      13.993    0.0062512
      13.945    0.0055601
      13.897    0.0049022
      13.850    0.0042220
      13.802    0.0035495
      13.754    0.0029452
      13.707    0.0023524
      13.659    0.0018376
      13.611    0.0013833
      13.564    0.0009925
      13.516    0.0006777
      13.468    0.0004223
      13.421    0.0002344
      13.373    0.0001051
      13.325    0.0000278
      13.278    0.0000009
      13.230    0.0000160
      13.182    0.0000695
      13.135    0.0001555
      13.087    0.0002716
      13.039    0.0004127
      12.992    0.0005799
      12.944    0.0007632
      12.896    0.0009708
      12.849    0.0011936
      12.801    0.0014248
      12.753    0.0016793
      12.706    0.0019298
      12.658    0.0021899
      12.610    0.0024478
      12.563    0.0026885
      12.515    0.0029355
      12.467    0.0031468
      12.420    0.0033364
      12.372    0.0035088
      12.324    0.0036203
      12.277    0.0037193
      12.229    0.0037680
      12.181    0.0037598
      12.133    0.0037374
      12.086    0.0036461
      12.038    0.0035271
      11.990    0.0033789
      11.943    0.0031786
      11.895    0.0029771
      11.847    0.0027399
      11.800    0.0024917
      11.752    0.0022455
      11.704    0.0019812
      11.657    0.0017311
      11.609    0.0014891
      11.561    0.0012547
      11.514    0.0010426
      11.466    0.0008445
      11.418    0.0006705
      11.371    0.0005158
      11.323    0.0003829
      11.275    0.0002767
      11.228    0.0001899
      11.180    0.0001253
      11.132    0.0000818
      11.085    0.0000565
      11.037    0.0000488
      10.989    0.0000563
      10.942    0.0000757
      10.894    0.0001064
      10.846    0.0001428
      10.799    0.0001829
      10.751    0.0002243
      10.703    0.0002602
      10.656    0.0002920
      10.608    0.0003132
      10.560    0.0003223
      10.513    0.0003197
      10.465    0.0003009
      10.417    0.0002710
      10.369    0.0002282
      10.322    0.0001781
      10.274    0.0001247
      10.226    0.0000729
      10.179    0.0000309
      10.131    0.0000053
      10.083    0.0000034
      10.036    0.0000324
       9.988    0.0000984
       9.940    0.0002038
       9.893    0.0003564
       9.845    0.0005468
       9.797    0.0007759
       9.750    0.0010378
       9.702    0.0013087
       9.654    0.0015984
       9.607    0.0018666
       9.559    0.0021027
       9.511    0.0023035
       9.464    0.0024178
       9.416    0.0024673
       9.368    0.0024167
       9.321    0.0022610
       9.273    0.0020244
       9.225    0.0016829
       9.178    0.0012969
       9.130    0.0008839
       9.082    0.0004897
       9.035    0.0001829
       8.987    0.0000275
       8.939    0.0001068
       8.892    0.0005129
       8.844    0.0013276
       8.796    0.0026591
       8.748    0.0046308
       8.701    0.0072286
       8.653    0.0106810
       8.605    0.0148630
       8.558    0.0198790
       8.510    0.0259130
       8.463    0.0325530
       8.415    0.0402020
       8.367    0.0485070
       8.319    0.0572590
       8.272    0.0668140
       8.224    0.0761930
       8.176    0.0861150
       8.129    0.0958050
       8.081    0.1046600
       8.033    0.1136800
       7.986    0.1210400
       7.938    0.1277600
       7.890    0.1335100
       7.843    0.1368200
       7.795    0.1396500
       7.747    0.1401900
       7.700    0.1388100
       7.652    0.1365300
       7.604    0.1314400
       7.557    0.1255600
       7.509    0.1181000
       7.461    0.1089300
       7.414    0.0995390
       7.366    0.0886730
       7.318    0.0777210
       7.271    0.0667530
       7.223    0.0554670
       7.175    0.0451250
       7.128    0.0352190
       7.080    0.0262730
       7.032    0.0185610
       6.984    0.0120190
       6.937    0.0070225
       6.889    0.0034356
       6.841    0.0012928
       6.794    0.0005223
       6.746    0.0010178
       6.699    0.0026054
       6.651    0.0051685
       6.603    0.0083940
       6.555    0.0121410
       6.508    0.0162540
       6.460    0.0202390
       6.412    0.0242320
       6.365    0.0277330
       6.317    0.0308100
       6.269    0.0333600
       6.222    0.0350420
       6.174    0.0362870
       6.126    0.0366370
       6.079    0.0363710
       6.031    0.0356950
       5.983    0.0342670
       5.936    0.0327190
       5.888    0.0308580
       5.840    0.0287940
       5.793    0.0269480
       5.745    0.0250050
       5.697    0.0233270
       5.650    0.0219310
       5.602    0.0206610
       5.554    0.0197980
       5.507    0.0190690
       5.459    0.0185290
       5.411    0.0181980
       5.364    0.0177700
       5.316    0.0174240
       5.268    0.0169140
       5.221    0.0161800
       5.173    0.0153360
       5.125    0.0141190
       5.077    0.0127140
       5.030    0.0111170
       4.982    0.0092911
       4.934    0.0074774
       4.887    0.0056662
       4.839    0.0040355
       4.791    0.0027256
       4.744    0.0018844
       4.696    0.0016625
       4.648    0.0021810
       4.601    0.0035122
       4.553    0.0057875
       4.505    0.0090001
       4.458    0.0131020
       4.410    0.0182110
       4.362    0.0239880
       4.315    0.0305570
       4.267    0.0375980
       4.219    0.0448720
       4.172    0.0523970
       4.124    0.0593520
       4.076    0.0663210
       4.029    0.0717820
       3.981    0.0777560
       3.933    0.0829320
       3.886    0.0846910
       3.838    0.0849890
       3.790    0.0882060
       3.743    0.0844990
       3.695    0.0802430
       3.647    0.0807430
       3.599    0.0726820
       3.552    0.0694930
       3.504    0.0601480
       3.457    0.0542360
       3.409    0.0457250
       3.361    0.0394580
       3.313    0.0316820
       3.266    0.0236980
       3.218    0.0179990
       3.170    0.0147620
       3.123    0.0113180
       3.075    0.0065210
       3.027    0.0022643
       2.980    0.0004223
       2.932    0.0000095
       2.884    0.0002050
       2.837    0.0010922
       2.789    0.0040700
       2.741    0.0103940
       2.694    0.0184660
       2.646    0.0204210
       2.598    0.0202410
       2.551    0.0108950
       2.503    0.0036475
       2.455    0.0017104
       2.408    0.0016598
       2.360    0.0011296
       2.312    0.0008918
       2.265    0.0008257
       2.217    0.0007942
       2.169    0.0007829
       2.122    0.0007943
       2.074    0.0008378
       2.026    0.0010415
       1.978    0.0016698
       1.931    0.0017895
       1.883    0.0025656
       1.835    0.0156510
       1.788    0.0433040
       1.740    0.0264720
       1.692    0.0186110
       1.645    0.0224600
       1.597    0.0107750
       1.550    0.0198380
       1.502    0.0108620
       1.454    0.0071900
       1.406    0.0175960
       1.359    0.0052686
       1.311    0.0015984
       1.263    0.0204590
       1.216    0.0101820
       1.168    0.0013697
       1.120    0.0028230
       1.073    0.0010902
       1.025    0.0086105
       0.977    0.0128630
       0.930    0.0009136
       0.882    0.0112240
       0.834    0.0003859
       0.787    0.0001510
       0.739    0.0001100
       0.691    0.0000837
       0.644    0.0001863
       0.596    0.0002331
       0.548    0.0001125
       0.501    0.0000492
       0.453    0.0000568
       0.405    0.0001858
       0.358    0.0002073
       0.310    0.0001427
       0.262    0.0001095
       0.215    0.0001378
       0.167    0.0001512
       0.119    0.0011979
       0.072    0.0001726
       0.024    0.0004524
      -0.024    0.0002096
      -0.072    0.0002533
      -0.119    0.0003910
      -0.167    0.0003311
      -0.215    0.0003784
      -0.262    0.0041940
      -0.310    0.0025716
      -0.358    0.0012910
      -0.405    0.0011484
      -0.453    0.0089638
      -0.501    0.0028995
      -0.548    0.0028233
      -0.596    0.0022976
      -0.644    0.0142880
      -0.691    0.0005845
      -0.739    0.0004997
      -0.787    0.0016540
      -0.834    0.0000349
      -0.882    0.0000163
      -0.930    0.0003646
      -0.977    0.0033123
      -1.025    0.0014619
      -1.073    0.0027159
      -1.120    0.0055568
      -1.168    0.0097250
      -1.216    0.1224800
      -1.263    0.1055300
      -1.311    0.1664600
      -1.359    0.3892500
      -1.406    0.1175700
      -1.454    0.0082888
      -1.502    0.0036053
      -1.550    0.0022469
      -1.597    0.0018226
      -1.645    0.0017437
      -1.692    0.0017914
      -1.740    0.0019693
      -1.788    0.0022550
      -1.835    0.0025812
      -1.883    0.0030251
      -1.931    0.0036816
      -1.978    0.0042144
      -2.026    0.0049500
      -2.074    0.0056965
      -2.122    0.0065101
      -2.169    0.0075979
      -2.217    0.0090108
      -2.265    0.0114770
      -2.312    0.0160590
      -2.360    0.0213990
      -2.408    0.0408340
      -2.455    0.0527450
      -2.503    0.0760510
      -2.551    0.1728400
      -2.598    0.1487300
      -2.646    0.2992300
      -2.694    0.3792700
      -2.741    0.4700500
      -2.789    0.5844900
      -2.837    0.6225800
      -2.884    0.9232500
      -2.932    0.6069200
      -2.980    0.9127100
      -3.027    0.6205700
      -3.075    0.4845500
      -3.123    0.4581300
      -3.170    0.2617900
      -3.218    0.2300900
      -3.266    0.1593800
      -3.313    0.1122900
      -3.361    0.0885900
      -3.409    0.0635740
      -3.457    0.0359190
      -3.504    0.0223460
      -3.552    0.0083565
      -3.599    0.0018177
      -3.647    0.0001584
      -3.695    0.0025744
      -3.743    0.0077138
      -3.790    0.0147430
      -3.838    0.0245310
      -3.886    0.0326390
      -3.933    0.0426090
      -3.981    0.0502020
      -4.029    0.0589660
      -4.076    0.0639210
      -4.124    0.0671780
      -4.172    0.0698730
      -4.219    0.0701790
      -4.267    0.0693180
      -4.315    0.0671000
      -4.362    0.0636670
      -4.410    0.0598580
      -4.458    0.0552960
      -4.505    0.0507370
      -4.553    0.0463330
      -4.601    0.0419310
      -4.648    0.0382870
      -4.696    0.0349250
      -4.744    0.0321260
      -4.791    0.0299910
      -4.839    0.0280450
      -4.887    0.0266820
      -4.934    0.0254950
      -4.982    0.0243280
      -5.030    0.0233700
      -5.077    0.0221360
      -5.125    0.0208080
      -5.173    0.0193210
      -5.221    0.0174760
      -5.268    0.0155400
      -5.316    0.0133590
      -5.364    0.0111330
      -5.411    0.0089130
      -5.459    0.0067846
      -5.507    0.0049441
      -5.554    0.0034127
      -5.602    0.0023199
      -5.650    0.0017546
      -5.697    0.0017367
      -5.745    0.0023096
      -5.793    0.0034750
      -5.840    0.0051604
      -5.888    0.0073542
      -5.936    0.0099465
      -5.983    0.0128190
      -6.031    0.0159260
      -6.079    0.0189650
      -6.126    0.0219980
      -6.174    0.0248730
      -6.222    0.0272760
      -6.269    0.0295090
      -6.317    0.0311190
      -6.365    0.0322220
      -6.412    0.0329350
      -6.460    0.0328650
      -6.508    0.0324930
      -6.555    0.0315080
      -6.603    0.0300490
      -6.651    0.0284020
      -6.699    0.0262260
      -6.746    0.0239940
      -6.794    0.0216140
      -6.841    0.0190430
      -6.889    0.0166530
      -6.937    0.0142090
      -6.984    0.0118930
      -7.032    0.0097930
      -7.080    0.0078032
      -7.128    0.0061030
      -7.175    0.0046092
      -7.223    0.0033418
      -7.271    0.0023173
      -7.318    0.0014959
      -7.366    0.0008900
      -7.414    0.0004637
      -7.461    0.0002071
      -7.509    0.0000984
      -7.557    0.0001160
      -7.604    0.0002406
      -7.652    0.0004557
      -7.700    0.0007448
      -7.747    0.0010860
      -7.795    0.0014746
      -7.843    0.0018804
      -7.890    0.0023183
      -7.938    0.0027496
      -7.986    0.0031808
      -8.033    0.0036143
      -8.081    0.0039991
      -8.129    0.0043891
      -8.176    0.0047301
      -8.224    0.0050232
      -8.272    0.0053042
      -8.319    0.0054934
      -8.367    0.0056634
      -8.415    0.0057760
      -8.463    0.0058052
      -8.510    0.0058313
      -8.558    0.0057567
      -8.605    0.0056496
      -8.653    0.0055109
      -8.701    0.0052813
      -8.748    0.0050590
      -8.796    0.0047707
      -8.844    0.0044510
      -8.892    0.0041341
      -8.939    0.0037652
      -8.987    0.0034098
      -9.035    0.0030461
      -9.082    0.0026721
      -9.130    0.0023272
      -9.178    0.0019816
      -9.225    0.0016638
      -9.273    0.0013696
      -9.321    0.0011004
      -9.368    0.0008712
      -9.416    0.0006699
      -9.464    0.0005047
      -9.511    0.0003736
      -9.559    0.0002712
      -9.607    0.0002002
      -9.654    0.0001532
      -9.702    0.0001267
      -9.750    0.0001179
      -9.797    0.0001200
      -9.845    0.0001293
      -9.893    0.0001420
      -9.940    0.0001526
      -9.988    0.0001601
     -10.036    0.0001609
     -10.083    0.0001539
     -10.131    0.0001406
     -10.179    0.0001197
     -10.226    0.0000948
     -10.274    0.0000675
     -10.322    0.0000411
     -10.369    0.0000200
     -10.417    0.0000065
     -10.465    0.0000050
     -10.513    0.0000180
     -10.560    0.0000487
     -10.608    0.0000975
     -10.656    0.0001665
     -10.703    0.0002529
     -10.751    0.0003583
     -10.799    0.0004771
     -10.846    0.0006071
     -10.894    0.0007461
     -10.942    0.0008834
     -10.989    0.0010190
     -11.037    0.0011428
     -11.085    0.0012503
     -11.132    0.0013431
     -11.180    0.0013983
     -11.228    0.0014331
     -11.275    0.0014325
     -11.323    0.0013908
     -11.371    0.0013258
     -11.418    0.0012174
     -11.466    0.0010825
     -11.514    0.0009292
     -11.561    0.0007492
     -11.609    0.0005718
     -11.657    0.0003973
     -11.704    0.0002399
     -11.752    0.0001211
     -11.800    0.0000548
     -11.847    0.0000615
     -11.895    0.0001606
     -11.943    0.0003712
     -11.990    0.0007187
     -12.038    0.0012100
     -12.086    0.0018813
     -12.133    0.0027313
     -12.181    0.0037474
     -12.229    0.0050175
     -12.277    0.0064484
     -12.324    0.0080601
     -12.372    0.0099257
     -12.420    0.0118800
     -12.467    0.0139880
     -12.515    0.0162710
     -12.563    0.0185090
     -12.610    0.0209030
     -12.658    0.0231450
     -12.706    0.0253330
     -12.753    0.0275100
     -12.801    0.0292920
     -12.849    0.0310040
     -12.896    0.0323640
     -12.944    0.0332880
     -12.992    0.0340810
     -13.039    0.0342130
     -13.087    0.0340760
     -13.135    0.0336050
     -13.182    0.0324880
     -13.230    0.0312430
     -13.278    0.0295080
     -13.325    0.0274610
     -13.373    0.0252600
     -13.421    0.0226880
     -13.468    0.0201700
     -13.516    0.0175180
     -13.564    0.0148430
     -13.611    0.0123430
     -13.659    0.0098761
     -13.707    0.0076753
     -13.754    0.0056840
     -13.802    0.0039911
     -13.850    0.0026158
     -13.897    0.0015309
     -13.945    0.0007909
     -13.993    0.0003429
     -14.041    0.0001835
     -14.088    0.0002774
     -14.136    0.0005872
     -14.184    0.0010574
     -14.231    0.0016621
     -14.279    0.0023319
     -14.327    0.0030243
     -14.374    0.0037335
     -14.422    0.0043434
     -14.470    0.0048997
     -14.517    0.0053510
     -14.565    0.0056573
     -14.613    0.0058753
     -14.660    0.0059249
     -14.708    0.0058871
     -14.756    0.0057452
     -14.803    0.0054909
     -14.851    0.0052173
     -14.899    0.0048655
     -14.946    0.0045061
     -14.994    0.0041671
     -15.042    0.0038097
     -15.089    0.0035227
     -15.137    0.0032580
     -15.185    0.0030304
     -15.232    0.0028709
     -15.280    0.0027293
     -15.328    0.0026308
     -15.375    0.0025567
     -15.423    0.0024785
     -15.471    0.0024169
     -15.518    0.0023289
     -15.566    0.0022204
     -15.614    0.0020955
     -15.662    0.0019194
     -15.709    0.0017304
     -15.757    0.0015069
     -15.805    0.0012630
     -15.852    0.0010219
     -15.900    0.0007764
     -15.948    0.0005559
     -15.995    0.0003715
     -16.043    0.0002349
     -16.091    0.0001639
     -16.138    0.0001661
     -16.186    0.0002503
     -16.234    0.0004217
     -16.281    0.0006701
     -16.329    0.0010067
     -16.377    0.0014151
     -16.424    0.0018697
     -16.472    0.0023822
     -16.520    0.0029084
     -16.567    0.0034404
     -16.615    0.0039723
     -16.663    0.0044423
     -16.710    0.0049007
     -16.758    0.0052621
     -16.806    0.0055445
     -16.853    0.0057715
     -16.901    0.0058564
     -16.949    0.0058812
     -16.996    0.0058109
     -17.044    0.0056213
     -17.092    0.0053929
     -17.139    0.0050650
     -17.187    0.0046895
     -17.235    0.0042784
     -17.282    0.0038226
     -17.330    0.0033681
     -17.378    0.0029033
     -17.426    0.0024510
     -17.473    0.0020305
     -17.521    0.0016265
     -17.569    0.0012730
     -17.616    0.0009566
     -17.664    0.0006844
     -17.712    0.0004654
     -17.759    0.0002845
     -17.807    0.0001553
     -17.855    0.0000667
     -17.902    0.0000164
     -17.950    0.0000013
     -17.998    0.0000164
     -18.045    0.0000573
     -18.093    0.0001204
     -18.141    0.0002002
     -18.188    0.0002939
     -18.236    0.0004000
     -18.284    0.0005072
     -18.331    0.0006234
     -18.379    0.0007392
     -18.427    0.0008496
     -18.474    0.0009630
     -18.522    0.0010606
     -18.570    0.0011560
     -18.617    0.0012409
     -18.665    0.0013074
     -18.713    0.0013713
     -18.760    0.0014102
     -18.808    0.0014395
     -18.856    0.0014543
     -18.903    0.0014443
     -18.951    0.0014300
     -18.999    0.0013934
     -19.046    0.0013429
     -19.094    0.0012876
     -19.142    0.0012108
     -19.190    0.0011331
     -19.237    0.0010466
     -19.285    0.0009521
     -19.333    0.0008612
     -19.380    0.0007630
     -19.428    0.0006699
     -19.476    0.0005817
     -19.523    0.0004933
     -19.571    0.0004150
     -19.619    0.0003411
     -19.666    0.0002751
     -19.714    0.0002184
     -19.762    0.0001676
     -19.809    0.0001262
     -19.857    0.0000918
     -19.905    0.0000639
     -19.952    0.0000435
     -20.000    0.0000284
