-2.507000 1.084000 0.000100
-2.993700 -0.529410 0.000100
4.308100 0.277310 0.000100
2.409600 1.084000 0.000100
16.186000 0.075630 0.000100
-10.198000 -1.084000 0.000100
-2.945100 -0.983190 0.000101
-10.198000 -1.134500 0.000101
-6.352600 -1.084000 0.000101
3.383200 1.184900 0.000101
7.910300 -1.184900 0.000102
7.812900 -0.075630 0.000102
2.507000 1.134500 0.000102
3.967300 -0.075630 0.000102
4.648800 -0.025210 0.000102
-2.847700 -0.831930 0.000103
7.910300 1.184900 0.000103
2.507000 1.084000 0.000103
-3.383200 -0.075630 0.000103
-2.945100 0.983190 0.000103
-2.993700 0.529410 0.000103
1.436000 -0.731090 0.000104
8.056300 -0.226890 0.000104
-2.896400 0.831930 0.000104
-10.003000 -1.084000 0.000104
-10.003000 -1.134500 0.000104
-6.255200 -0.025210 0.000105
8.007600 -0.226890 0.000105
-10.198000 1.134500 0.000105
4.308100 -0.882350 0.000105
15.650000 0.025210 0.000106
-3.383200 0.075630 0.000106
-2.458300 -1.033600 0.000106
3.431800 1.184900 0.000106
15.650000 -0.025210 0.000106
-6.449900 1.033600 0.000106
4.648800 0.025210 0.000106
-2.458300 -1.184900 0.000107
-2.458300 1.033600 0.000107
8.251000 0.025210 0.000107
-10.198000 1.084000 0.000107
-3.285800 -1.134500 0.000107
3.529200 1.084000 0.000108
-2.166200 -1.084000 0.000108
-2.166200 -1.134500 0.000108
-6.449900 -1.033600 0.000108
-3.285800 1.134500 0.000108
-3.285800 -1.084000 0.000108
-3.139800 -0.025210 0.000109
-6.449900 -1.184900 0.000109
-10.003000 1.134500 0.000109
8.251000 -0.025210 0.000109
3.529200 1.134500 0.000109
7.861600 -1.134500 0.000109
7.861600 -1.084000 0.000109
-1.095300 0.176470 0.000109
-6.303900 -0.075630 0.000110
-2.993700 -0.579830 0.000110
-6.255200 0.025210 0.000110
5.086900 0.075630 0.000110
4.210700 -0.126050 0.000110
-3.285800 1.084000 0.000110
-10.296000 0.025210 0.000111
-10.003000 1.084000 0.000111
-2.993700 0.579830 0.000111
-13.849000 -1.134500 0.000111
-2.458300 1.184900 0.000111
-3.139800 0.025210 0.000111
-2.847700 0.831930 0.000111
4.892200 0.075630 0.000112
4.746200 -0.075630 0.000112
8.932500 -0.075630 0.000112
7.861600 1.134500 0.000112
-13.849000 -1.084000 0.000112
-6.547300 -1.033600 0.000112
-10.296000 -0.025210 0.000113
4.210700 -0.226890 0.000113
4.746200 0.075630 0.000113
8.932500 0.075630 0.000113
-13.654000 -1.134500 0.000113
-6.449900 1.184900 0.000113
7.861600 1.084000 0.000113
-13.849000 1.134500 0.000114
-6.547300 1.033600 0.000115
5.038200 0.025210 0.000115
-2.409600 -1.033600 0.000115
11.707000 -0.025210 0.000115
11.707000 0.025210 0.000115
-13.654000 -1.084000 0.000115
-2.409600 -1.184900 0.000115
-3.091100 -1.033600 0.000115
-13.849000 1.084000 0.000116
3.042400 -0.025210 0.000116
3.042400 0.025210 0.000116
2.458300 1.134500 0.000116
-2.750300 1.235300 0.000116
-2.312200 -0.075630 0.000116
-6.547300 -1.184900 0.000116
-2.409600 1.033600 0.000116
15.699000 -0.025210 0.000116
-13.654000 1.134500 0.000117
4.308100 -0.378150 0.000117
15.699000 0.025210 0.000117
5.233000 -0.075630 0.000117
2.458300 1.084000 0.000117
-2.750300 -1.235300 0.000117
8.445800 -0.075630 0.000117
-13.654000 1.084000 0.000117
15.455000 -0.025210 0.000118
15.455000 0.025210 0.000118
6.985400 0.025210 0.000118
8.445800 0.075630 0.000119
3.577900 -0.075630 0.000119
6.985400 -0.025210 0.000119
15.309000 -1.134500 0.000119
4.454100 0.277310 0.000119
-3.091100 1.033600 0.000119
15.261000 -1.134500 0.000119
-6.547300 1.184900 0.000119
-2.993700 -0.428570 0.000119
15.309000 -1.084000 0.000119
4.162000 -1.134500 0.000120
-2.799000 0.680670 0.000120
15.309000 1.134500 0.000120
4.454100 -0.882350 0.000120
15.261000 1.134500 0.000120
5.086900 -0.075630 0.000120
15.261000 -1.084000 0.000120
-6.498600 -1.033600 0.000120
4.016000 0.025210 0.000120
-2.993700 0.176470 0.000120
-2.020200 1.134500 0.000120
4.308100 -0.277310 0.000121
-3.091100 -1.184900 0.000121
-2.020200 1.084000 0.000121
-6.498600 1.033600 0.000121
4.210700 0.126050 0.000121
1.192600 0.075630 0.000121
-2.799000 0.932770 0.000121
15.261000 1.084000 0.000121
-2.993700 0.731090 0.000121
15.309000 1.084000 0.000121
-6.303900 0.075630 0.000122
5.038200 -0.025210 0.000122
4.162000 -1.084000 0.000122
15.991000 0.075630 0.000122
-2.799000 -0.680670 0.000122
-6.498600 -1.184900 0.000123
-2.993700 -0.176470 0.000123
-2.799000 -0.932770 0.000123
-2.409600 1.184900 0.000123
-6.644600 -1.134500 0.000123
3.626600 -0.025210 0.000123
8.981200 0.025210 0.000123
11.561000 0.025210 0.000123
11.561000 -0.025210 0.000123
8.981200 -0.025210 0.000123
5.233000 0.075630 0.000123
3.334500 -1.134500 0.000124
-2.993700 0.428570 0.000124
-2.993700 -0.731090 0.000124
-2.896400 0.680670 0.000124
4.454100 -0.378150 0.000124
-6.644600 -1.084000 0.000125
-2.896400 -0.932770 0.000125
-2.896400 -0.680670 0.000125
-2.312200 0.075630 0.000125
-3.091100 1.184900 0.000125
1.533400 0.126050 0.000125
-2.945100 -1.235300 0.000125
-13.946000 0.025210 0.000125
15.991000 -0.075630 0.000126
1.776800 0.075630 0.000126
-1.046600 -0.075630 0.000126
-2.945100 1.235300 0.000126
1.533400 -1.084000 0.000126
4.356700 0.277310 0.000126
-6.644600 1.134500 0.000127
3.626600 0.025210 0.000127
4.308100 0.378150 0.000127
4.016000 -0.025210 0.000127
4.454100 -0.277310 0.000127
-6.498600 1.184900 0.000127
3.334500 -1.084000 0.000127
-2.896400 0.932770 0.000127
-13.946000 -0.025210 0.000127
4.551500 -0.226890 0.000128
4.551500 -0.126050 0.000128
4.454100 0.378150 0.000129
-6.644600 1.084000 0.000129
-1.874100 -0.025210 0.000129
-2.701700 0.277310 0.000129
8.105000 -1.033600 0.000130
-1.825500 -1.033600 0.000130
4.551500 0.226890 0.000130
4.356700 -0.882350 0.000131
3.577900 0.075630 0.000131
4.405400 0.277310 0.000131
-10.247000 0.075630 0.000132
-2.799000 0.983190 0.000132
4.308100 0.882350 0.000132
-2.068800 -1.134500 0.000132
-2.750300 0.529410 0.000133
-2.896400 -0.983190 0.000133
-2.799000 -0.983190 0.000133
-2.847700 0.680670 0.000134
-2.750300 -0.529410 0.000134
4.405400 -0.882350 0.000134
-2.847700 -0.680670 0.000135
7.131400 0.025210 0.000135
8.105000 1.033600 0.000135
15.407000 0.075630 0.000137
-9.954800 0.075630 0.000137
-2.701700 -0.277310 0.000137
-2.896400 0.983190 0.000137
-2.847700 -0.932770 0.000137
-2.847700 0.932770 0.000137
4.162000 1.134500 0.000137
7.959000 -1.033600 0.000137
7.131400 -0.025210 0.000138
-10.247000 -0.075630 0.000138
-1.922800 -0.025210 0.000138
4.162000 1.084000 0.000138
-1.728100 -0.075630 0.000138
4.454100 0.882350 0.000138
-10.150000 -1.084000 0.000138
15.407000 -0.075630 0.000139
4.551500 0.126050 0.000139
-10.150000 -1.134500 0.000139
3.480500 -1.134500 0.000139
-2.701700 -0.882350 0.000139
8.105000 -1.184900 0.000140
8.105000 1.184900 0.000140
-2.653000 -0.126050 0.000140
-2.653000 0.226890 0.000140
16.234000 0.025210 0.000140
16.234000 -0.025210 0.000141
-2.701700 0.882350 0.000141
-9.906100 0.025210 0.000141
-2.701700 0.378150 0.000141
4.356700 -0.378150 0.000141
-10.052000 -1.084000 0.000141
4.405400 -0.378150 0.000142
-10.052000 -1.134500 0.000142
-2.750300 0.579830 0.000143
16.137000 -0.075630 0.000143
-2.653000 0.126050 0.000143
-3.918600 0.075630 0.000143
-9.954800 -0.075630 0.000143
11.659000 -0.025210 0.000143
16.137000 0.075630 0.000143
11.659000 0.025210 0.000143
3.480500 -1.084000 0.000144
1.387300 -1.084000 0.000144
-3.821300 0.075630 0.000144
-9.906100 -0.025210 0.000144
7.959000 1.033600 0.000144
-2.847700 0.983190 0.000145
-3.918600 -0.075630 0.000145
-10.150000 1.134500 0.000145
7.034100 0.025210 0.000145
4.405400 -0.277310 0.000145
-2.945100 -0.529410 0.000146
4.356700 -0.277310 0.000146
-2.847700 -0.983190 0.000146
-6.693300 -0.075630 0.000146
7.034100 -0.025210 0.000146
11.610000 0.025210 0.000147
11.610000 -0.025210 0.000147
15.942000 0.025210 0.000147
2.312200 0.025210 0.000147
-2.653000 -0.226890 0.000148
-3.821300 -0.075630 0.000148
-10.150000 1.084000 0.000148
3.334500 1.084000 0.000148
3.334500 1.134500 0.000148
-2.701700 -0.378150 0.000148
-10.052000 1.134500 0.000148
7.959000 -1.184900 0.000148
-6.693300 0.075630 0.000148
-2.117500 -1.134500 0.000148
-2.750300 -0.579830 0.000148
-2.945100 0.529410 0.000149
2.360900 0.075630 0.000149
2.312200 -0.025210 0.000149
4.600100 -1.134500 0.000149
0.949240 -0.478990 0.000149
7.959000 1.184900 0.000149
4.405400 0.378150 0.000149
2.360900 -0.075630 0.000150
-13.703000 -1.134500 0.000150
15.942000 -0.025210 0.000150
-13.800000 -1.134500 0.000150
-10.052000 1.084000 0.000151
-2.117500 1.134500 0.000151
4.356700 0.378150 0.000151
-1.922800 0.025210 0.000151
-13.800000 -1.084000 0.000151
15.163000 0.075630 0.000152
-13.703000 -1.084000 0.000152
5.135600 0.075630 0.000152
5.184300 -0.075630 0.000152
-13.898000 0.075630 0.000152
-2.360900 -1.134500 0.000153
4.600100 -1.084000 0.000153
-0.949240 1.134500 0.000153
15.163000 -0.075630 0.000153
-13.703000 1.134500 0.000154
-13.800000 1.134500 0.000154
8.737800 0.075630 0.000154
-2.117500 1.084000 0.000154
-2.117500 -1.084000 0.000154
5.184300 0.075630 0.000155
-10.101000 -1.084000 0.000155
7.082800 0.025210 0.000155
-10.101000 -1.134500 0.000155
-13.703000 1.084000 0.000155
-13.898000 -0.075630 0.000155
5.135600 -0.075630 0.000155
-2.360900 1.134500 0.000155
-13.800000 1.084000 0.000156
-2.360900 1.084000 0.000156
8.737800 -0.075630 0.000156
-2.360900 -1.084000 0.000156
5.281600 -0.025210 0.000156
7.082800 -0.025210 0.000157
-2.750300 0.176470 0.000158
4.405400 0.882350 0.000159
4.356700 0.882350 0.000159
-2.799000 1.235300 0.000160
-2.945100 -0.579830 0.000160
-6.401300 -1.134500 0.000160
-2.945100 0.579830 0.000160
-2.799000 -1.235300 0.000160
5.281600 0.025210 0.000161
-2.750300 0.731090 0.000161
2.555600 0.075630 0.000161
-2.068800 1.134500 0.000162
-2.750300 -0.176470 0.000162
16.040000 0.075630 0.000162
-10.101000 1.134500 0.000162
8.056300 -1.033600 0.000162
-2.750300 0.428570 0.000162
-2.993700 0.277310 0.000163
2.555600 -0.075630 0.000163
-2.896400 1.235300 0.000163
-6.401300 1.134500 0.000164
-6.401300 1.084000 0.000164
8.007600 -1.033600 0.000164
-2.068800 1.084000 0.000164
-6.401300 -1.084000 0.000164
-13.752000 -1.134500 0.000164
16.040000 -0.075630 0.000164
3.383200 -1.134500 0.000165
-10.101000 1.084000 0.000165
-13.752000 -1.084000 0.000166
4.600100 1.134500 0.000166
4.600100 1.084000 0.000167
-2.750300 -0.731090 0.000167
3.480500 1.084000 0.000167
1.338700 1.184900 0.000167
-2.750300 -0.428570 0.000168
3.237100 -0.025210 0.000168
-2.896400 -1.235300 0.000168
16.088000 0.075630 0.000168
-13.752000 1.134500 0.000169
8.056300 1.033600 0.000169
3.383200 -1.084000 0.000169
3.480500 1.134500 0.000169
16.088000 -0.075630 0.000169
-3.870000 0.075630 0.000169
-1.971500 -0.075630 0.000170
4.843500 -0.075630 0.000170
-13.752000 1.084000 0.000170
3.431800 -1.134500 0.000171
15.115000 -0.025210 0.000171
8.007600 1.033600 0.000171
8.689200 0.025210 0.000172
15.115000 0.025210 0.000172
3.918600 0.025210 0.000172
8.883900 -0.075630 0.000172
3.237100 0.025210 0.000173
-2.945100 -0.428570 0.000173
-2.945100 0.176470 0.000173
8.689200 -0.025210 0.000173
4.794900 -0.075630 0.000173
8.883900 0.075630 0.000173
-3.870000 -0.075630 0.000173
-2.945100 0.731090 0.000174
-1.533400 0.075630 0.000174
8.056300 -1.184900 0.000174
4.210700 -1.033600 0.000174
-2.945100 -0.176470 0.000175
8.056300 1.184900 0.000175
3.431800 -1.084000 0.000175
-1.971500 0.075630 0.000176
-2.993700 -0.277310 0.000176
-2.604300 -0.075630 0.000176
-2.847700 1.235300 0.000177
3.918600 -0.025210 0.000177
-6.596000 -1.134500 0.000177
8.007600 -1.184900 0.000177
8.007600 1.184900 0.000178
1.679400 1.134500 0.000178
-2.945100 0.428570 0.000179
-6.596000 -1.084000 0.000179
4.210700 -1.184900 0.000179
-2.993700 -0.882350 0.000180
-2.945100 -0.731090 0.000180
4.794900 0.075630 0.000180
-2.847700 -1.235300 0.000180
-2.604300 0.075630 0.000181
-2.799000 0.529410 0.000182
1.630700 0.882350 0.000182
-6.596000 1.134500 0.000182
-2.993700 -0.378150 0.000182
-3.967300 -0.025210 0.000182
4.843500 0.075630 0.000183
-2.799000 -0.529410 0.000183
-2.068800 -1.084000 0.000183
-3.967300 0.025210 0.000183
-6.596000 1.084000 0.000185
-13.606000 -0.075630 0.000185
1.387300 -1.184900 0.000185
4.259400 0.226890 0.000187
-2.993700 0.882350 0.000190
-2.214900 0.025210 0.000191
-2.896400 -0.529410 0.000191
-3.772600 0.025210 0.000191
-3.772600 -0.025210 0.000192
-13.606000 0.075630 0.000192
-2.896400 0.529410 0.000193
-0.024339 -1.033600 0.000193
8.153700 -1.134500 0.000193
8.153700 -1.084000 0.000194
-3.237100 0.075630 0.000195
-2.799000 0.579830 0.000195
1.533400 -1.134500 0.000196
-2.993700 0.378150 0.000196
8.153700 1.134500 0.000196
4.210700 1.033600 0.000197
3.383200 1.084000 0.000198
-2.214900 -0.025210 0.000199
3.383200 1.134500 0.000199
8.153700 1.084000 0.000200
-2.799000 -0.579830 0.000200
1.679400 0.075630 0.000200
7.910300 -1.134500 0.000201
-3.237100 -0.075630 0.000201
7.910300 -1.084000 0.000202
-13.557000 -0.025210 0.000203
-2.847700 -0.529410 0.000204
-2.847700 0.529410 0.000204
8.786500 0.075630 0.000204
8.494400 -0.025210 0.000205
3.285800 -0.075630 0.000205
8.835200 -0.075630 0.000205
8.786500 -0.075630 0.000205
8.835200 0.075630 0.000205
8.494400 0.025210 0.000206
3.431800 1.084000 0.000206
3.967300 0.025210 0.000206
7.910300 1.134500 0.000206
4.210700 1.184900 0.000206
-13.557000 0.025210 0.000207
-2.020200 -1.084000 0.000207
3.431800 1.134500 0.000207
-2.896400 0.579830 0.000208
-2.896400 -0.579830 0.000208
4.551500 -1.033600 0.000208
7.910300 1.084000 0.000209
-1.776800 0.075630 0.000210
8.397100 -0.025210 0.000210
4.551500 -1.184900 0.000211
8.397100 0.025210 0.000211
2.604300 0.025210 0.000212
8.202400 0.075630 0.000212
2.604300 -0.025210 0.000213
3.967300 -0.025210 0.000213
-2.458300 -1.134500 0.000214
-1.825500 -1.084000 0.000214
-6.449900 -1.134500 0.000215
4.259400 -0.126050 0.000215
1.679400 1.184900 0.000216
16.186000 0.025210 0.000217
4.259400 -0.226890 0.000217
16.186000 -0.025210 0.000217
-2.799000 0.731090 0.000217
-2.799000 0.176470 0.000218
8.202400 -0.075630 0.000218
-2.458300 -1.084000 0.000218
3.285800 0.075630 0.000219
-6.449900 -1.084000 0.000220
-6.449900 1.134500 0.000220
4.892200 -0.025210 0.000220
-2.458300 1.134500 0.000220
-2.799000 0.428570 0.000221
-2.847700 0.579830 0.000221
-3.334500 0.075630 0.000221
-3.334500 -0.075630 0.000222
-6.449900 1.084000 0.000222
-2.799000 -0.176470 0.000223
7.812900 0.025210 0.000223
-2.799000 -0.428570 0.000223
4.551500 1.033600 0.000223
-2.847700 -0.579830 0.000223
-2.458300 1.084000 0.000223
-3.383200 -0.025210 0.000224
7.812900 -0.025210 0.000224
15.358000 0.075630 0.000224
-2.896400 0.176470 0.000224
-2.750300 0.277310 0.000224
-2.166200 0.075630 0.000225
-3.383200 0.025210 0.000225
-3.042400 -0.126050 0.000226
-3.042400 0.126050 0.000227
-2.896400 0.731090 0.000227
-2.653000 1.033600 0.000227
-6.547300 -1.134500 0.000227
3.529200 -0.075630 0.000228
4.259400 0.126050 0.000228
-2.896400 -0.428570 0.000228
-2.799000 -0.731090 0.000228
15.358000 -0.075630 0.000228
4.892200 0.025210 0.000229
2.409600 -0.075630 0.000229
-2.896400 -0.176470 0.000229
15.212000 0.075630 0.000230
2.409600 0.075630 0.000230
-2.409600 -1.134500 0.000230
-6.547300 -1.084000 0.000230
-1.290000 1.134500 0.000230
-2.896400 0.428570 0.000231
-6.352600 -0.075630 0.000232
15.212000 -0.075630 0.000232
-2.653000 -1.033600 0.000232
-3.042400 0.226890 0.000233
-2.896400 -0.731090 0.000233
-6.547300 1.134500 0.000234
-2.945100 0.277310 0.000234
2.507000 -0.075630 0.000234
4.502800 0.226890 0.000235
2.507000 0.075630 0.000235
-2.653000 -1.184900 0.000235
-2.409600 -1.084000 0.000236
1.484700 -0.378150 0.000236
-2.653000 1.184900 0.000237
-10.198000 0.075630 0.000237
-6.547300 1.084000 0.000237
4.502800 -0.226890 0.000238
-2.750300 -0.277310 0.000238
4.551500 1.184900 0.000239
-2.166200 -0.075630 0.000239
4.502800 -0.126050 0.000240
-2.847700 0.176470 0.000241
-3.091100 -1.134500 0.000241
-6.303900 -0.025210 0.000242
-2.409600 1.134500 0.000242
1.387300 -1.134500 0.000242
-6.498600 -1.134500 0.000242
4.746200 -0.025210 0.000243
-2.847700 0.731090 0.000243
-3.042400 -0.226890 0.000243
4.746200 0.025210 0.000243
-2.409600 1.084000 0.000243
-3.091100 -1.084000 0.000244
8.932500 -0.025210 0.000245
-6.498600 -1.084000 0.000245
8.932500 0.025210 0.000246
-10.003000 0.075630 0.000246
-1.095300 0.226890 0.000246
-2.750300 0.882350 0.000246
-2.847700 -0.428570 0.000246
-10.198000 -0.075630 0.000246
-2.847700 0.428570 0.000246
-2.847700 -0.176470 0.000247
-2.750300 -0.882350 0.000247
-2.507000 0.075630 0.000248
-2.507000 -0.075630 0.000248
-6.498600 1.134500 0.000248
3.529200 0.075630 0.000249
5.086900 0.025210 0.000249
-3.091100 1.134500 0.000249
-6.352600 0.075630 0.000249
-6.303900 0.025210 0.000250
-6.498600 1.084000 0.000251
-3.091100 1.084000 0.000252
-2.847700 -0.731090 0.000252
-2.750300 0.378150 0.000253
-2.312200 -0.025210 0.000253
-2.750300 -0.378150 0.000253
4.502800 0.126050 0.000254
8.445800 -0.025210 0.000254
-2.945100 -0.277310 0.000255
7.861600 0.075630 0.000255
8.445800 0.025210 0.000255
5.086900 -0.025210 0.000256
-10.003000 -0.075630 0.000256
-2.312200 0.025210 0.000259
5.233000 -0.025210 0.000259
-2.945100 -0.882350 0.000260
7.861600 -0.075630 0.000261
2.458300 -0.075630 0.000263
-2.945100 -0.378150 0.000264
5.233000 0.025210 0.000264
-3.285800 0.075630 0.000265
3.577900 -0.025210 0.000265
2.458300 0.075630 0.000266
-13.849000 0.075630 0.000268
-13.654000 -0.075630 0.000270
-13.849000 -0.075630 0.000270
15.991000 0.025210 0.000270
-3.285800 -0.075630 0.000270
15.991000 -0.025210 0.000272
-2.945100 0.882350 0.000273
3.577900 0.025210 0.000275
8.105000 -1.134500 0.000276
8.105000 -1.084000 0.000276
-13.654000 0.075630 0.000277
8.105000 1.134500 0.000280
15.309000 0.075630 0.000280
15.261000 0.075630 0.000280
0.803200 -0.680670 0.000281
-2.945100 0.378150 0.000281
15.261000 -0.075630 0.000284
8.105000 1.084000 0.000285
15.309000 -0.075630 0.000285
4.308100 0.226890 0.000290
7.959000 -1.134500 0.000293
7.959000 -1.084000 0.000294
-10.247000 0.025210 0.000298
0.608480 -0.831930 0.000299
-10.247000 -0.025210 0.000299
7.959000 1.134500 0.000299
15.407000 0.025210 0.000300
15.407000 -0.025210 0.000300
-2.799000 0.277310 0.000302
7.959000 1.084000 0.000303
4.162000 -0.075630 0.000305
-9.954800 0.025210 0.000305
-6.644600 -0.075630 0.000305
-2.020200 -0.075630 0.000305
-2.896400 0.277310 0.000306
-6.644600 0.075630 0.000307
-9.954800 -0.025210 0.000310
16.137000 0.025210 0.000311
-6.693300 0.025210 0.000311
-6.693300 -0.025210 0.000312
16.137000 -0.025210 0.000312
-2.020200 -1.134500 0.000315
4.162000 0.075630 0.000317
-3.918600 0.025210 0.000317
-3.918600 -0.025210 0.000318
-3.821300 0.025210 0.000321
3.334500 -0.075630 0.000323
4.308100 -0.226890 0.000323
-3.821300 -0.025210 0.000323
4.308100 -0.126050 0.000324
-2.799000 -0.277310 0.000325
2.360900 0.025210 0.000325
2.360900 -0.025210 0.000326
4.454100 0.226890 0.000326
-2.020200 0.075630 0.000326
-10.150000 0.075630 0.000328
-2.847700 0.277310 0.000330
-13.898000 0.025210 0.000331
15.163000 0.025210 0.000333
5.184300 -0.025210 0.000334
-13.898000 -0.025210 0.000335
-10.052000 0.075630 0.000335
5.135600 0.025210 0.000335
15.163000 -0.025210 0.000335
5.184300 0.025210 0.000336
-2.896400 -0.277310 0.000336
4.308100 0.126050 0.000337
5.135600 -0.025210 0.000338
-2.799000 -0.378150 0.000338
4.259400 -1.033600 0.000339
-2.799000 0.882350 0.000339
-10.150000 -0.075630 0.000339
8.737800 0.025210 0.000339
-2.799000 -0.882350 0.000340
8.737800 -0.025210 0.000340
-2.896400 -0.882350 0.000341
4.454100 -0.226890 0.000341
3.334500 0.075630 0.000341
8.056300 -1.134500 0.000344
4.454100 -0.126050 0.000344
8.056300 -1.084000 0.000345
-2.799000 0.378150 0.000346
-2.896400 -0.378150 0.000347
-10.052000 -0.075630 0.000347
8.007600 -1.134500 0.000350
8.056300 1.134500 0.000350
8.007600 -1.084000 0.000351
4.259400 -1.184900 0.000352
3.480500 -0.075630 0.000354
8.056300 1.084000 0.000355
16.040000 0.025210 0.000355
4.210700 -1.134500 0.000355
4.454100 0.126050 0.000355
8.007600 1.134500 0.000356
-2.896400 0.882350 0.000356
2.555600 0.025210 0.000357
16.040000 -0.025210 0.000357
4.356700 0.226890 0.000358
-13.703000 -0.075630 0.000358
2.555600 -0.025210 0.000358
4.210700 -1.084000 0.000360
8.007600 1.084000 0.000361
-2.701700 0.126050 0.000362
-13.800000 0.075630 0.000362
-13.800000 -0.075630 0.000363
-2.896400 0.378150 0.000363
-2.847700 -0.277310 0.000364
-2.701700 -0.126050 0.000364
-13.703000 0.075630 0.000364
-2.701700 0.226890 0.000364
-10.101000 0.075630 0.000366
4.405400 0.226890 0.000366
16.088000 0.025210 0.000368
-1.971500 -0.025210 0.000369
16.088000 -0.025210 0.000370
-1.971500 0.025210 0.000370
-2.360900 -0.075630 0.000370
-2.847700 -0.882350 0.000373
4.843500 -0.025210 0.000374
4.600100 -0.075630 0.000375
-2.847700 -0.378150 0.000376
-1.095300 0.075630 0.000376
-3.042400 -1.033600 0.000377
-3.870000 0.025210 0.000377
8.883900 -0.025210 0.000377
8.883900 0.025210 0.000378
4.794900 -0.025210 0.000378
-10.101000 -0.075630 0.000379
-3.870000 -0.025210 0.000380
-2.701700 -0.226890 0.000381
3.480500 0.075630 0.000381
-2.847700 0.882350 0.000382
-2.117500 0.075630 0.000383
-6.401300 -0.075630 0.000383
4.843500 0.025210 0.000383
4.794900 0.025210 0.000383
4.502800 -1.033600 0.000383
4.259400 1.033600 0.000384
-2.847700 0.378150 0.000386
-2.604300 -0.025210 0.000387
4.356700 -0.226890 0.000389
-3.042400 1.033600 0.000389
4.356700 -0.126050 0.000390
-2.360900 0.075630 0.000391
4.405400 -0.226890 0.000391
-2.604300 0.025210 0.000391
4.502800 -1.184900 0.000393
4.600100 0.075630 0.000393
4.405400 -0.126050 0.000394
1.776800 -0.025210 0.000395
-13.752000 -0.075630 0.000395
-1.776800 0.025210 0.000396
-3.042400 -1.184900 0.000396
-13.752000 0.075630 0.000398
-2.117500 -0.075630 0.000400
4.259400 1.184900 0.000401
4.356700 0.126050 0.000402
-6.401300 0.075630 0.000402
-3.042400 1.184900 0.000405
4.405400 0.126050 0.000406
4.210700 1.134500 0.000407
-13.606000 -0.025210 0.000407
4.210700 1.084000 0.000411
-13.606000 0.025210 0.000412
4.502800 1.033600 0.000417
4.551500 -1.134500 0.000420
-3.237100 0.025210 0.000425
-2.068800 -0.075630 0.000427
3.383200 -0.075630 0.000429
4.551500 -1.084000 0.000429
-2.068800 0.075630 0.000430
-3.237100 -0.025210 0.000430
-6.596000 -0.075630 0.000437
1.776800 0.025210 0.000438
-6.596000 0.075630 0.000439
3.431800 -0.075630 0.000439
4.502800 1.184900 0.000443
8.786500 0.025210 0.000448
8.835200 0.025210 0.000449
8.835200 -0.025210 0.000449
8.786500 -0.025210 0.000449
3.383200 0.075630 0.000453
8.153700 0.075630 0.000456
3.285800 -0.025210 0.000457
-2.993700 -0.126050 0.000465
-2.993700 0.126050 0.000465
3.285800 0.025210 0.000467
3.431800 0.075630 0.000467
8.153700 -0.075630 0.000468
4.551500 1.134500 0.000468
8.202400 0.025210 0.000469
4.551500 1.084000 0.000470
-2.653000 1.134500 0.000471
7.910300 0.075630 0.000472
-2.653000 -1.134500 0.000473
8.202400 -0.025210 0.000473
-3.334500 0.025210 0.000477
-2.993700 0.226890 0.000477
-3.334500 -0.025210 0.000478
-2.653000 1.084000 0.000478
-2.653000 -1.084000 0.000483
7.910300 -0.075630 0.000483
-2.993700 -0.226890 0.000490
15.358000 0.025210 0.000493
15.358000 -0.025210 0.000495
15.212000 0.025210 0.000503
2.409600 -0.025210 0.000503
15.212000 -0.025210 0.000504
-2.166200 0.025210 0.000505
2.409600 0.025210 0.000505
-6.352600 -0.025210 0.000506
4.308100 -1.033600 0.000507
3.529200 -0.025210 0.000510
-2.166200 -0.025210 0.000514
2.507000 -0.025210 0.000516
2.507000 0.025210 0.000518
-6.352600 0.025210 0.000518
-6.449900 -0.075630 0.000520
3.529200 0.025210 0.000526
4.308100 -1.184900 0.000527
-10.198000 0.025210 0.000529
-10.198000 -0.025210 0.000535
-6.449900 0.075630 0.000536
-2.507000 0.025210 0.000536
-2.507000 -0.025210 0.000536
4.454100 -1.033600 0.000542
-10.003000 0.025210 0.000546
-2.458300 -0.075630 0.000547
-2.458300 0.075630 0.000553
-10.003000 -0.025210 0.000555
-6.547300 -0.075630 0.000559
4.454100 -1.184900 0.000560
-6.547300 0.075630 0.000563
7.861600 0.025210 0.000567
4.308100 1.033600 0.000569
7.861600 -0.025210 0.000570
-3.285800 0.025210 0.000577
-3.285800 -0.025210 0.000581
2.458300 -0.025210 0.000581
-13.849000 0.025210 0.000581
-2.409600 -0.075630 0.000584
2.458300 0.025210 0.000584
-13.849000 -0.025210 0.000585
-6.498600 -0.075630 0.000589
-2.701700 1.033600 0.000590
-13.654000 -0.025210 0.000591
-3.091100 -0.075630 0.000592
-13.654000 0.025210 0.000595
4.308100 1.184900 0.000596
-3.091100 0.075630 0.000597
-6.498600 0.075630 0.000598
4.454100 1.033600 0.000598
-2.701700 -1.033600 0.000600
-2.409600 0.075630 0.000606
-2.701700 1.184900 0.000613
15.309000 0.025210 0.000614
15.261000 0.025210 0.000614
4.356700 -1.033600 0.000614
15.309000 -0.025210 0.000616
4.405400 -1.033600 0.000617
15.261000 -0.025210 0.000618
-2.701700 -1.184900 0.000625
4.454100 1.184900 0.000629
-2.750300 0.126050 0.000637
4.356700 -1.184900 0.000638
4.405400 -1.184900 0.000639
-2.750300 -0.126050 0.000639
-2.750300 0.226890 0.000643
-6.644600 0.025210 0.000651
8.105000 0.075630 0.000651
-6.644600 -0.025210 0.000652
1.679400 -0.075630 0.000656
-2.750300 -0.226890 0.000663
4.162000 -0.025210 0.000666
8.105000 -0.075630 0.000666
-2.945100 0.126050 0.000668
4.162000 0.025210 0.000673
-2.945100 -0.126050 0.000674
-2.020200 -0.025210 0.000675
4.356700 1.033600 0.000684
4.405400 1.033600 0.000685
-2.945100 0.226890 0.000687
7.959000 0.075630 0.000689
-2.020200 0.025210 0.000690
4.259400 -1.134500 0.000696
7.959000 -0.075630 0.000705
4.259400 -1.084000 0.000706
-2.945100 -0.226890 0.000706
4.356700 1.184900 0.000717
4.405400 1.184900 0.000717
3.334500 -0.025210 0.000719
-10.150000 0.025210 0.000731
3.334500 0.025210 0.000733
-10.150000 -0.025210 0.000737
-10.052000 0.025210 0.000743
-10.052000 -0.025210 0.000753
-2.993700 -1.033600 0.000773
4.502800 -1.134500 0.000781
-13.703000 -0.025210 0.000782
-13.800000 0.025210 0.000784
-13.800000 -0.025210 0.000786
-13.703000 0.025210 0.000786
-3.042400 -1.134500 0.000788
4.259400 1.134500 0.000792
3.480500 -0.025210 0.000793
-2.993700 1.033600 0.000795
4.502800 -1.084000 0.000795
-3.042400 -1.084000 0.000797
4.259400 1.084000 0.000803
-2.993700 -1.184900 0.000809
-3.042400 1.134500 0.000809
-2.360900 -0.025210 0.000810
8.056300 0.075630 0.000811
-10.101000 0.025210 0.000813
3.480500 0.025210 0.000814
-3.042400 1.084000 0.000820
-10.101000 -0.025210 0.000823
4.600100 -0.025210 0.000823
8.007600 0.075630 0.000824
-2.360900 0.025210 0.000825
-2.993700 1.184900 0.000828
8.056300 -0.075630 0.000829
-6.401300 -0.025210 0.000832
4.600100 0.025210 0.000836
8.007600 -0.075630 0.000842
-6.401300 0.025210 0.000845
-2.117500 0.025210 0.000847
-2.799000 0.126050 0.000858
-13.752000 -0.025210 0.000860
-13.752000 0.025210 0.000861
-2.117500 -0.025210 0.000862
1.143900 -0.025210 0.000863
-2.896400 0.126050 0.000865
-2.799000 -0.126050 0.000867
-2.799000 0.226890 0.000870
4.502800 1.134500 0.000870
0.559810 -0.882350 0.000874
-2.896400 -0.126050 0.000877
4.502800 1.084000 0.000877
-2.896400 0.226890 0.000888
-2.799000 -0.226890 0.000899
4.210700 -0.075630 0.000909
4.210700 0.075630 0.000923
-2.896400 -0.226890 0.000926
-6.596000 0.025210 0.000935
-2.068800 -0.025210 0.000935
-2.068800 0.025210 0.000935
-6.596000 -0.025210 0.000937
-2.847700 0.126050 0.000946
3.383200 -0.025210 0.000956
-2.847700 0.226890 0.000962
-2.847700 -0.126050 0.000970
3.383200 0.025210 0.000975
3.431800 -0.025210 0.000981
1.533400 -0.075630 0.000992
3.431800 0.025210 0.001003
8.153700 0.025210 0.001005
-2.847700 -0.226890 0.001007
8.153700 -0.025210 0.001014
-2.750300 1.033600 0.001040
4.308100 -1.134500 0.001042
7.910300 0.025210 0.001044
7.910300 -0.025210 0.001051
-2.750300 -1.033600 0.001053
4.308100 -1.084000 0.001055
4.551500 -0.075630 0.001063
-2.750300 1.184900 0.001084
4.551500 0.075630 0.001094
-2.750300 -1.184900 0.001095
4.454100 -1.134500 0.001112
-2.945100 -1.033600 0.001116
-6.449900 -0.025210 0.001123
4.454100 -1.084000 0.001129
-6.449900 0.025210 0.001133
-2.945100 1.033600 0.001142
1.679400 -0.025210 0.001160
1.679400 0.025210 0.001161
4.308100 1.134500 0.001178
-2.945100 -1.184900 0.001179
-2.653000 0.075630 0.001184
-2.653000 -0.075630 0.001185
-2.458300 -0.025210 0.001188
-2.945100 1.184900 0.001189
4.308100 1.084000 0.001191
-2.458300 0.025210 0.001194
-6.547300 0.025210 0.001198
-6.547300 -0.025210 0.001198
-2.701700 1.134500 0.001220
-2.701700 1.084000 0.001239
4.454100 1.134500 0.001240
-2.701700 -1.134500 0.001245
4.454100 1.084000 0.001253
4.356700 -1.134500 0.001261
-2.701700 -1.084000 0.001262
4.405400 -1.134500 0.001267
-6.498600 -0.025210 0.001268
-6.498600 0.025210 0.001272
-2.409600 -0.025210 0.001277
4.356700 -1.084000 0.001279
4.405400 -1.084000 0.001284
-2.409600 0.025210 0.001293
-3.091100 -0.025210 0.001304
-3.091100 0.025210 0.001304
4.356700 1.134500 0.001415
4.405400 1.134500 0.001416
4.405400 1.084000 0.001431
4.356700 1.084000 0.001432
8.105000 0.025210 0.001432
-2.799000 1.033600 0.001432
8.105000 -0.025210 0.001444
-2.799000 -1.033600 0.001452
-2.896400 -1.033600 0.001471
-2.896400 1.033600 0.001488
-2.799000 1.184900 0.001491
-2.799000 -1.184900 0.001505
7.959000 0.025210 0.001522
7.959000 -0.025210 0.001534
-2.896400 1.184900 0.001540
-2.896400 -1.184900 0.001563
-2.847700 1.033600 0.001606
-2.993700 -1.134500 0.001612
-2.847700 -1.033600 0.001615
-2.993700 -1.084000 0.001631
-2.993700 1.134500 0.001650
-2.847700 1.184900 0.001662
-2.993700 1.084000 0.001672
-2.847700 -1.184900 0.001698
4.259400 -0.075630 0.001779
8.056300 0.025210 0.001788
4.259400 0.075630 0.001791
8.056300 -0.025210 0.001801
8.007600 0.025210 0.001815
8.007600 -0.025210 0.001828
-3.042400 0.075630 0.001930
-3.042400 -0.075630 0.001934
1.533400 0.075630 0.001964
4.210700 -0.025210 0.001975
4.210700 0.025210 0.001980
4.502800 -0.075630 0.001981
4.502800 0.075630 0.002018
-2.750300 1.134500 0.002155
-2.750300 -1.134500 0.002181
-2.750300 1.084000 0.002182
-2.750300 -1.084000 0.002209
4.551500 -0.025210 0.002321
-2.945100 -1.134500 0.002336
4.551500 0.025210 0.002343
-2.945100 -1.084000 0.002359
-2.945100 1.134500 0.002368
0.754520 -0.731090 0.002377
-2.945100 1.084000 0.002400
-2.653000 0.025210 0.002579
-2.653000 -0.025210 0.002583
4.308100 -0.075630 0.002649
4.308100 0.075630 0.002663
1.533400 -0.025210 0.002710
4.454100 -0.075630 0.002826
4.454100 0.075630 0.002850
-2.799000 1.134500 0.002968
-2.799000 -1.134500 0.002999
-2.799000 1.084000 0.003011
-2.701700 0.075630 0.003036
-2.799000 -1.084000 0.003047
-2.701700 -0.075630 0.003059
-2.896400 1.134500 0.003072
-2.896400 -1.134500 0.003094
-2.896400 -1.084000 0.003117
-2.896400 1.084000 0.003120
4.356700 -0.075630 0.003203
4.356700 0.075630 0.003217
4.405400 -0.075630 0.003219
4.405400 0.075630 0.003235
-2.847700 1.134500 0.003319
-2.847700 1.084000 0.003369
-2.847700 -1.134500 0.003377
-2.847700 -1.084000 0.003412
4.259400 -0.025210 0.003854
4.259400 0.025210 0.003857
-2.993700 0.075630 0.003935
-2.993700 -0.075630 0.003937
-3.042400 0.025210 0.004220
-3.042400 -0.025210 0.004222
4.502800 -0.025210 0.004313
4.502800 0.025210 0.004338
-2.750300 0.075630 0.005316
-2.750300 -0.075630 0.005335
-2.945100 0.075630 0.005647
-2.945100 -0.075630 0.005665
4.308100 -0.025210 0.005745
4.308100 0.025210 0.005753
4.454100 -0.025210 0.006136
4.454100 0.025210 0.006148
-2.701700 0.025210 0.006623
-2.701700 -0.025210 0.006641
1.143900 -0.075630 0.006752
4.356700 -0.025210 0.006941
4.356700 0.025210 0.006945
4.405400 -0.025210 0.006983
4.405400 0.025210 0.006991
-2.799000 0.075630 0.007242
-2.799000 -0.075630 0.007290
-2.896400 0.075630 0.007337
-2.896400 -0.075630 0.007416
-2.847700 0.075630 0.007978
-2.847700 -0.075630 0.008092
-2.993700 0.025210 0.008597
-2.993700 -0.025210 0.008598
1.533400 0.025210 0.011023
-2.750300 0.025210 0.011597
-2.750300 -0.025210 0.011614
-2.945100 0.025210 0.012338
-2.945100 -0.025210 0.012351
-2.799000 0.025210 0.015821
-2.799000 -0.025210 0.015856
-2.896400 0.025210 0.016051
-2.896400 -0.025210 0.016108
-2.847700 0.025210 0.017486
-2.847700 -0.025210 0.017580
